step_time,total_stopped,total_wait_time
5.0,0,0.0
10.0,0,0.0
15.0,0,0.0
20.0,6,13.0
25.0,9,52.0
30.0,10,98.0
35.0,13,154.0
40.0,15,227.0
45.0,17,310.0
50.0,21,406.0
55.0,26,522.0
60.0,28,656.0
65.0,30,800.0
70.0,32,955.0
75.0,38,1130.0
80.0,38,1320.0
85.0,38,1510.0
90.0,32,1547.0
95.0,24,1402.0
100.0,16,1350.0
105.0,12,1417.0
110.0,13,1474.0
115.0,20,1562.0
120.0,27,1681.0
125.0,32,1833.0
130.0,38,2011.0
135.0,38,2201.0
140.0,38,2391.0
145.0,38,2581.0
150.0,33,2534.0
155.0,23,2246.0
160.0,16,2335.0
165.0,12,2407.0
170.0,15,2473.0
175.0,22,2570.0
180.0,28,2699.0
185.0,37,2866.0
190.0,38,3056.0
195.0,33,2960.0
200.0,23,2584.0
205.0,15,2539.0
210.0,12,2606.0
215.0,14,2667.0
220.0,21,2756.0
225.0,27,2877.0
230.0,34,3033.0
235.0,38,3215.0
240.0,32,3082.0
245.0,23,2611.0
250.0,15,2548.0
255.0,13,2616.0
260.0,14,2680.0
265.0,21,2773.0
270.0,21,2564.0
275.0,17,2052.0
280.0,10,1822.0
285.0,7,1862.0
290.0,12,1912.0
295.0,18,1989.0
300.0,24,2098.0
305.0,30,2239.0
310.0,33,2402.0
315.0,35,2574.0
320.0,38,2759.0
325.0,38,2949.0
330.0,38,3139.0
335.0,32,2922.0
340.0,24,2415.0
345.0,17,2507.0
350.0,14,2582.0
355.0,9,2306.0
360.0,9,1774.0
365.0,5,1546.0
370.0,6,1563.0
375.0,13,1612.0
380.0,13,1414.0
385.0,10,1066.0
390.0,10,1110.0
395.0,15,1171.0
400.0,9,1019.0
405.0,9,675.0
410.0,6,703.0
415.0,9,741.0
420.0,16,805.0
425.0,21,897.0
430.0,27,1021.0
435.0,32,1172.0
440.0,37,1348.0
445.0,32,1327.0
450.0,24,1015.0
455.0,17,1105.0
460.0,14,1175.0
465.0,9,1052.0
470.0,7,829.0
475.0,7,859.0
480.0,11,906.0
485.0,15,973.0
490.0,22,1070.0
495.0,24,1055.0
500.0,22,917.0
505.0,16,681.0
510.0,7,708.0
515.0,7,740.0
520.0,14,797.0
525.0,15,756.0
530.0,13,607.0
535.0,11,596.0
540.0,12,657.0
545.0,13,717.0
550.0,21,808.0
555.0,21,783.0
560.0,20,541.0
565.0,15,617.0
570.0,11,682.0
575.0,14,739.0
580.0,14,712.0
585.0,15,598.0
590.0,9,603.0
595.0,9,640.0
600.0,16,703.0
605.0,21,795.0
610.0,28,919.0
615.0,33,1078.0
620.0,32,1098.0
625.0,22,982.0
630.0,17,1074.0
635.0,13,1145.0
640.0,16,1215.0
645.0,23,1313.0
650.0,28,1443.0
655.0,36,1609.0
660.0,38,1797.0
665.0,38,1987.0
670.0,38,2177.0
675.0,38,2367.0
680.0,32,2341.0
685.0,22,2073.0
690.0,17,2066.0
695.0,12,2135.0
700.0,14,2196.0
705.0,21,2287.0
710.0,23,2173.0
715.0,19,1848.0
720.0,14,1824.0
725.0,12,1891.0
730.0,8,1718.0
735.0,8,1379.0
740.0,6,1398.0
745.0,11,1434.0
750.0,16,1502.0
755.0,23,1602.0
760.0,29,1736.0
765.0,36,1906.0
770.0,31,1845.0
775.0,24,1532.0
780.0,16,1018.0
785.0,9,731.0
790.0,1,599.0
795.0,6,611.0
800.0,12,658.0
805.0,19,738.0
810.0,25,851.0
815.0,30,987.0
820.0,25,960.0
825.0,21,831.0
830.0,15,613.0
835.0,7,640.0
840.0,8,671.0
845.0,13,726.0
850.0,14,682.0
855.0,13,515.0
860.0,6,450.0
865.0,7,475.0
870.0,8,438.0
875.0,4,328.0
880.0,4,282.0
885.0,6,306.0
890.0,12,355.0
895.0,14,338.0
900.0,11,218.0
905.0,9,242.0
910.0,11,299.0
915.0,12,354.0
920.0,14,347.0
925.0,11,298.0
930.0,12,355.0
935.0,12,420.0
940.0,15,489.0
945.0,16,502.0
950.0,15,455.0
955.0,9,447.0
960.0,9,500.0
965.0,8,477.0
970.0,3,351.0
975.0,3,331.0
980.0,9,362.0
985.0,7,336.0
990.0,4,246.0
995.0,4,235.0
1000.0,9,268.0
1005.0,8,246.0
1010.0,5,172.0
1015.0,7,176.0
1020.0,8,209.0
1025.0,9,203.0
1030.0,5,147.0
1035.0,4,157.0
1040.0,11,197.0
1045.0,8,200.0
1050.0,6,157.0
1055.0,6,158.0
1060.0,8,191.0
1065.0,8,189.0
1070.0,7,145.0
1075.0,4,143.0
1080.0,9,172.0
1085.0,8,170.0
1090.0,6,115.0
1095.0,4,134.0
1100.0,7,163.0
1105.0,14,219.0
1110.0,21,308.0
1115.0,26,428.0
1120.0,28,496.0
1125.0,23,491.0
1130.0,18,584.0
1135.0,13,656.0
1140.0,10,635.0
1145.0,7,538.0
1150.0,4,505.0
1155.0,7,539.0
1160.0,13,587.0
1165.0,15,583.0
1170.0,14,504.0
1175.0,9,507.0
1180.0,8,550.0
1185.0,13,601.0
1190.0,14,581.0
1195.0,14,484.0
1200.0,11,456.0
1205.0,11,508.0
1210.0,13,566.0
1215.0,13,541.0
1220.0,9,408.0
1225.0,12,455.0
1230.0,12,517.0
1235.0,10,475.0
1240.0,9,346.0
1245.0,6,334.0
1250.0,8,371.0
1255.0,11,424.0
1260.0,19,507.0
1265.0,25,622.0
1270.0,32,774.0
1275.0,32,836.0
1280.0,23,724.0
1285.0,15,804.0
1290.0,13,872.0
1295.0,9,828.0
1300.0,7,684.0
1305.0,7,664.0
1310.0,8,704.0
1315.0,9,655.0
1320.0,8,527.0
1325.0,9,556.0
1330.0,10,589.0
1335.0,16,656.0
1340.0,22,756.0
1345.0,29,892.0
1350.0,30,923.0
1355.0,23,831.0
1360.0,14,618.0
1365.0,5,441.0
1370.0,2,389.0
1375.0,7,412.0
1380.0,14,467.0
1385.0,14,468.0
1390.0,10,368.0
1395.0,4,367.0
1400.0,6,393.0
1405.0,12,444.0
1410.0,20,529.0
1415.0,27,645.0
1420.0,25,676.0
1425.0,18,585.0
1430.0,14,620.0
1435.0,12,687.0
1440.0,7,626.0
1445.0,5,436.0
1450.0,5,423.0
1455.0,8,457.0
1460.0,7,425.0
1465.0,3,296.0
1470.0,5,285.0
1475.0,8,315.0
1480.0,6,291.0
1485.0,4,200.0
1490.0,1,157.0
1495.0,8,179.0
1500.0,14,235.0
1505.0,14,240.0
1510.0,12,193.0
1515.0,12,251.0
1520.0,13,313.0
1525.0,10,308.0
1530.0,8,243.0
1535.0,6,280.0
1540.0,9,327.0
1545.0,15,388.0
1550.0,20,477.0
1555.0,22,514.0
1560.0,18,480.0
1565.0,14,383.0
1570.0,9,341.0
1575.0,2,282.0
1580.0,6,288.0
1585.0,12,338.0
1590.0,13,336.0
1595.0,9,275.0
1600.0,10,318.0
1605.0,9,364.0
1610.0,11,351.0
1615.0,10,280.0
1620.0,5,275.0
1625.0,8,309.0
1630.0,8,288.0
1635.0,5,209.0
1640.0,6,209.0
1645.0,10,243.0
1650.0,13,296.0
1655.0,13,307.0
1660.0,13,265.0
1665.0,11,323.0
1670.0,12,377.0
1675.0,15,443.0
1680.0,22,539.0
1685.0,24,569.0
1690.0,22,532.0
1695.0,16,585.0
1700.0,13,649.0
1705.0,14,710.0
1710.0,16,699.0
1715.0,13,557.0
1720.0,15,618.0
1725.0,14,685.0
1730.0,15,749.0
1735.0,16,730.0
1740.0,15,622.0
1745.0,12,631.0
1750.0,11,690.0
1755.0,9,638.0
1760.0,8,505.0
1765.0,7,537.0
1770.0,12,587.0
1775.0,10,556.0
1780.0,9,431.0
1785.0,6,431.0
1790.0,11,472.0
1795.0,8,419.0
1800.0,6,294.0
1805.0,5,157.0
1810.0,4,167.0
1815.0,8,197.0
1820.0,14,255.0
1825.0,14,270.0
1830.0,12,231.0
1835.0,11,186.0
1840.0,6,210.0
1845.0,7,235.0
1850.0,8,238.0
1855.0,3,174.0
1860.0,2,173.0
1865.0,8,197.0
1870.0,7,193.0
1875.0,6,148.0
1880.0,5,86.0
1885.0,3,90.0
1890.0,7,114.0
1895.0,14,167.0
1900.0,19,250.0
1905.0,26,367.0
1910.0,32,517.0
1915.0,32,600.0
1920.0,24,606.0
1925.0,16,536.0
1930.0,9,469.0
1935.0,1,435.0
1940.0,6,442.0
1945.0,7,418.0
1950.0,5,329.0
1955.0,4,340.0
1960.0,9,372.0
1965.0,15,435.0
1970.0,21,529.0
1975.0,29,660.0
1980.0,34,819.0
1985.0,32,878.0
1990.0,24,802.0
1995.0,17,612.0
2000.0,8,648.0
2005.0,8,673.0
2010.0,8,604.0
2015.0,3,498.0
2020.0,6,492.0
2025.0,7,522.0
2030.0,10,491.0
2035.0,8,391.0
2040.0,6,413.0
2045.0,10,452.0
2050.0,15,515.0
2055.0,22,612.0
2060.0,23,624.0
2065.0,21,533.0
2070.0,17,574.0
2075.0,13,648.0
2080.0,14,713.0
2085.0,20,801.0
2090.0,20,783.0
2095.0,20,665.0
2100.0,15,712.0
2105.0,11,778.0
2110.0,10,725.0
2115.0,5,603.0
2120.0,7,632.0
2125.0,11,677.0
2130.0,16,744.0
2135.0,16,727.0
2140.0,14,607.0
2145.0,13,628.0
2150.0,11,685.0
2155.0,8,621.0
2160.0,4,464.0
2165.0,5,480.0
2170.0,9,521.0
2175.0,11,468.0
2180.0,7,304.0
2185.0,7,328.0
2190.0,10,369.0
2195.0,9,329.0
2200.0,6,245.0
2205.0,6,148.0
2210.0,3,152.0
2215.0,8,174.0
2220.0,12,227.0
2225.0,13,244.0
2230.0,11,204.0
2235.0,9,157.0
2240.0,7,146.0
2245.0,2,129.0
2250.0,7,150.0
2255.0,7,155.0
2260.0,4,120.0
2265.0,1,101.0
2270.0,7,123.0
2275.0,14,175.0
2280.0,13,199.0
2285.0,11,175.0
2290.0,10,221.0
2295.0,9,271.0
2300.0,11,271.0
2305.0,6,208.0
2310.0,3,136.0
2315.0,3,99.0
2320.0,2,82.0
2325.0,8,107.0
2330.0,13,162.0
2335.0,19,244.0
2340.0,26,358.0
2345.0,30,500.0
2350.0,32,655.0
2355.0,35,825.0
2360.0,38,1014.0
2365.0,32,1082.0
2370.0,22,1016.0
2375.0,14,1012.0
2380.0,12,1074.0
2385.0,13,1134.0
2390.0,15,1100.0
2395.0,13,909.0
2400.0,8,895.0
2405.0,11,945.0
2410.0,7,878.0
2415.0,5,698.0
2420.0,3,714.0
2425.0,9,749.0
2430.0,10,686.0
2435.0,9,510.0
2440.0,7,488.0
2445.0,10,510.0
2450.0,9,443.0
2455.0,7,276.0
2460.0,6,248.0
2465.0,9,284.0
2470.0,8,229.0
2475.0,7,160.0
2480.0,4,158.0
2485.0,6,184.0
2490.0,13,233.0
2495.0,13,247.0
2500.0,12,215.0
2505.0,10,257.0
2510.0,11,312.0
2515.0,16,378.0
2520.0,17,393.0
2525.0,16,357.0
2530.0,17,425.0
2535.0,16,507.0
2540.0,17,583.0
2545.0,23,684.0
2550.0,30,820.0
2555.0,35,987.0
2560.0,38,1176.0
2565.0,32,1227.0
2570.0,24,1130.0
2575.0,16,926.0
2580.0,7,959.0
2585.0,7,987.0
2590.0,13,1039.0
2595.0,15,994.0
2600.0,13,832.0
2605.0,10,877.0
2610.0,10,932.0
2615.0,10,861.0
2620.0,7,680.0
2625.0,5,409.0
2630.0,4,257.0
2635.0,0,165.0
2640.0,5,179.0
2645.0,5,120.0
2650.0,3,80.0
2655.0,2,82.0
2660.0,8,111.0
2665.0,9,119.0
2670.0,6,82.0
2675.0,5,107.0
2680.0,7,136.0
2685.0,8,148.0
2690.0,4,117.0
2695.0,3,77.0
2700.0,1,85.0
2705.0,6,108.0
2710.0,9,124.0
2715.0,6,106.0
2720.0,4,84.0
2725.0,1,57.0
2730.0,7,75.0
2735.0,7,87.0
2740.0,3,68.0
2745.0,3,68.0
2750.0,6,93.0
2755.0,13,148.0
2760.0,13,175.0
2765.0,11,149.0
2770.0,11,199.0
2775.0,12,253.0
2780.0,14,312.0
2785.0,20,401.0
2790.0,28,526.0
2795.0,33,680.0
2800.0,37,855.0
2805.0,32,938.0
2810.0,22,895.0
2815.0,15,752.0
2820.0,8,627.0
2825.0,1,588.0
2830.0,8,602.0
2835.0,14,657.0
2840.0,19,741.0
2845.0,24,850.0
2850.0,29,981.0
2855.0,31,1131.0
2860.0,31,1286.0
2865.0,34,1450.0
2870.0,37,1628.0
2875.0,32,1641.0
2880.0,24,1454.0
2885.0,17,1538.0
2890.0,14,1613.0
2895.0,9,1497.0
2900.0,6,1207.0
2905.0,8,1236.0
2910.0,12,1291.0
2915.0,12,1176.0
2920.0,9,825.0
2925.0,6,763.0
2930.0,7,790.0
2935.0,6,710.0
2940.0,3,454.0
2945.0,2,413.0
2950.0,7,437.0
2955.0,8,366.0
2960.0,5,215.0
2965.0,2,68.0
2970.0,2,57.0
2975.0,8,83.0
2980.0,8,92.0
2985.0,2,53.0
2990.0,2,52.0
2995.0,7,74.0
3000.0,13,127.0
3005.0,15,160.0
3010.0,10,133.0
3015.0,1,140.0
3020.0,6,163.0
3025.0,13,214.0
3030.0,20,298.0
3035.0,23,410.0
3040.0,25,530.0
3045.0,27,660.0
3050.0,31,807.0
3055.0,35,976.0
3060.0,38,1164.0
3065.0,33,1223.0
3070.0,24,1135.0
3075.0,16,920.0
3080.0,8,686.0
3085.0,1,625.0
3090.0,5,635.0
3095.0,5,567.0
3100.0,2,406.0
3105.0,4,381.0
3110.0,6,406.0
3115.0,13,458.0
3120.0,19,540.0
3125.0,26,658.0
3130.0,31,801.0
3135.0,33,963.0
3140.0,38,1148.0
3145.0,38,1338.0
3150.0,38,1528.0
3155.0,32,1536.0
3160.0,23,1357.0
3165.0,16,1441.0
3170.0,14,1512.0
3175.0,10,1402.0
3180.0,7,1145.0
3185.0,5,848.0
3190.0,7,589.0
3195.0,2,581.0
3200.0,6,594.0
3205.0,7,528.0
3210.0,2,353.0
3215.0,3,365.0
3220.0,10,402.0
3225.0,16,472.0
3230.0,22,571.0
3235.0,22,555.0
3240.0,15,401.0
3245.0,8,392.0
3250.0,11,438.0
3255.0,15,501.0
3260.0,22,596.0
3265.0,29,724.0
3270.0,34,884.0
3275.0,31,915.0
3280.0,24,861.0
3285.0,18,958.0
3290.0,15,1035.0
3295.0,15,1108.0
3300.0,22,1205.0
3305.0,29,1336.0
3310.0,35,1499.0
3315.0,38,1688.0
3320.0,33,1706.0
3325.0,26,1548.0
3330.0,15,1559.0
3335.0,13,1621.0
3340.0,14,1685.0
3345.0,15,1597.0
3350.0,14,1343.0
3355.0,12,1036.0
3360.0,5,1005.0
3365.0,6,1028.0
3370.0,6,926.0
3375.0,3,619.0
3380.0,1,332.0
3385.0,2,328.0
3390.0,7,354.0
3395.0,7,285.0
3400.0,5,141.0
3405.0,3,113.0
3410.0,7,141.0
3415.0,14,197.0
3420.0,13,218.0
3425.0,13,172.0
3430.0,11,158.0
3435.0,9,155.0
3440.0,2,151.0
3445.0,8,175.0
3450.0,14,231.0
3455.0,20,319.0
3460.0,21,371.0
3465.0,16,363.0
3470.0,11,414.0
3475.0,14,480.0
3480.0,11,474.0
3485.0,6,394.0
3490.0,6,260.0
3495.0,3,275.0
3500.0,7,301.0
3505.0,7,274.0
3510.0,5,196.0
3515.0,4,102.0
3520.0,4,53.0
3525.0,2,46.0
3530.0,6,54.0
3535.0,12,104.0
3540.0,19,187.0
3545.0,26,305.0
3550.0,30,448.0
3555.0,36,617.0
3560.0,32,716.0
3565.0,22,711.0
3570.0,14,645.0
3575.0,7,686.0
3580.0,9,721.0
3585.0,16,785.0
3590.0,14,780.0
3595.0,12,646.0
3600.0,11,688.0
3605.0,12,743.0
3610.0,9,701.0
3615.0,5,553.0
3620.0,5,336.0
3625.0,2,346.0
3630.0,8,375.0
3635.0,16,439.0
3640.0,16,422.0
3645.0,15,317.0
3650.0,12,375.0
3655.0,11,435.0
3660.0,14,500.0
3665.0,22,597.0
3670.0,21,586.0
3675.0,18,535.0
3680.0,14,416.0
3685.0,9,348.0
3690.0,0,322.0
3695.0,7,338.0
3700.0,12,389.0
3705.0,20,473.0
3710.0,19,493.0
3715.0,16,433.0
3720.0,13,314.0
3725.0,4,338.0
3730.0,7,339.0
3735.0,15,394.0
3740.0,15,394.0
3745.0,13,289.0
3750.0,8,297.0
3755.0,10,342.0
3760.0,8,334.0
3765.0,6,257.0
3770.0,2,141.0
3775.0,3,136.0
3780.0,6,156.0
3785.0,6,152.0
3790.0,4,114.0
3795.0,5,114.0
3800.0,9,147.0
3805.0,14,204.0
3810.0,15,223.0
3815.0,12,202.0
3820.0,12,236.0
3825.0,12,294.0
3830.0,8,292.0
3835.0,4,233.0
3840.0,2,164.0
3845.0,3,179.0
3850.0,7,206.0
3855.0,8,203.0
3860.0,4,163.0
3865.0,2,136.0
3870.0,6,158.0
3875.0,6,155.0
3880.0,3,103.0
3885.0,4,116.0
3890.0,8,148.0
3895.0,10,151.0
3900.0,8,114.0
3905.0,5,85.0
3910.0,2,85.0
3915.0,6,106.0
3920.0,8,116.0
3925.0,2,91.0
3930.0,0,77.0
3935.0,7,101.0
3940.0,7,111.0
3945.0,6,83.0
3950.0,6,55.0
3955.0,2,53.0
3960.0,9,77.0
3965.0,8,98.0
3970.0,7,95.0
3975.0,7,84.0
3980.0,1,87.0
3985.0,7,89.0
3990.0,6,98.0
3995.0,4,73.0
4000.0,4,87.0
4005.0,8,121.0
4010.0,10,135.0
4015.0,10,111.0
4020.0,6,119.0
4025.0,9,156.0
4030.0,6,160.0
4035.0,5,134.0
4040.0,2,129.0
4045.0,7,153.0
4050.0,7,157.0
4055.0,6,121.0
4060.0,2,70.0
4065.0,2,65.0
4070.0,8,95.0
4075.0,8,109.0
4080.0,4,84.0
4085.0,4,92.0
4090.0,8,122.0
4095.0,15,183.0
4100.0,16,217.0
4105.0,13,210.0
4110.0,12,186.0
4115.0,10,193.0
4120.0,0,158.0
4125.0,7,168.0
4130.0,8,173.0
4135.0,2,133.0
4140.0,3,112.0
4145.0,8,138.0
4150.0,8,146.0
4155.0,6,97.0
4160.0,2,104.0
4165.0,10,131.0
4170.0,9,131.0
4175.0,5,91.0
4180.0,3,98.0
4185.0,8,130.0
4190.0,8,135.0
4195.0,7,112.0
4200.0,6,120.0
4205.0,8,158.0
4210.0,9,169.0
4215.0,5,135.0
4220.0,4,89.0
4225.0,2,94.0
4230.0,6,103.0
4235.0,13,158.0
4240.0,15,192.0
4245.0,13,188.0
4250.0,9,191.0
4255.0,6,226.0
4260.0,6,216.0
4265.0,2,162.0
4270.0,3,104.0
4275.0,1,102.0
4280.0,7,124.0
4285.0,8,132.0
4290.0,5,95.0
4295.0,2,43.0
4300.0,3,37.0
4305.0,9,67.0
4310.0,8,86.0
4315.0,4,73.0
4320.0,2,44.0
4325.0,1,43.0
4330.0,8,68.0
4335.0,9,93.0
4340.0,5,85.0
4345.0,4,60.0
4350.0,2,65.0
4355.0,6,85.0
4360.0,13,136.0
4365.0,15,178.0
4370.0,11,183.0
4375.0,9,171.0
4380.0,7,188.0
4385.0,7,216.0
4390.0,13,272.0
4395.0,20,358.0
4400.0,21,407.0
4405.0,18,396.0
4410.0,14,416.0
4415.0,12,482.0
4420.0,7,460.0
4425.0,4,368.0
4430.0,4,247.0
4435.0,2,252.0
4440.0,8,279.0
4445.0,8,268.0
4450.0,7,208.0
4455.0,8,232.0
4460.0,9,269.0
4465.0,17,336.0
4470.0,22,436.0
4475.0,23,479.0
4480.0,20,446.0
4485.0,14,524.0
4490.0,15,598.0
4495.0,15,667.0
4500.0,22,763.0
4505.0,23,777.0
4510.0,20,691.0
4515.0,15,562.0
4520.0,7,609.0
4525.0,6,638.0
4530.0,8,600.0
4535.0,5,479.0
4540.0,3,303.0
4545.0,2,303.0
4550.0,8,329.0
4555.0,8,297.0
4560.0,5,189.0
4565.0,5,79.0
4570.0,1,81.0
4575.0,8,90.0
4580.0,7,90.0
4585.0,5,67.0
4590.0,3,84.0
4595.0,9,117.0
4600.0,9,132.0
4605.0,8,104.0
4610.0,4,107.0
4615.0,8,137.0
4620.0,6,141.0
4625.0,5,117.0
4630.0,5,117.0
4635.0,10,148.0
4640.0,9,152.0
4645.0,5,125.0
4650.0,4,75.0
4655.0,3,87.0
4660.0,9,116.0
4665.0,10,133.0
4670.0,7,110.0
4675.0,6,133.0
4680.0,11,175.0
4685.0,15,245.0
4690.0,18,284.0
4695.0,15,255.0
4700.0,14,316.0
4705.0,11,375.0
4710.0,8,369.0
4715.0,5,283.0
4720.0,3,268.0
4725.0,6,294.0
4730.0,12,345.0
4735.0,13,349.0
4740.0,13,307.0
4745.0,13,234.0
4750.0,6,258.0
4755.0,8,281.0
4760.0,7,272.0
4765.0,4,211.0
4770.0,6,233.0
4775.0,9,271.0
4780.0,18,342.0
4785.0,23,445.0
4790.0,30,580.0
4795.0,30,643.0
4800.0,23,620.0
4805.0,15,552.0
4810.0,7,557.0
4815.0,8,586.0
4820.0,8,560.0
4825.0,5,417.0
4830.0,3,292.0
4835.0,2,287.0
4840.0,7,308.0
4845.0,7,288.0
4850.0,4,201.0
4855.0,2,76.0
4860.0,2,74.0
4865.0,8,102.0
4870.0,9,93.0
4875.0,5,69.0
4880.0,4,74.0
4885.0,6,103.0
4890.0,7,109.0
4895.0,4,86.0
4900.0,3,94.0
4905.0,10,127.0
4910.0,8,141.0
4915.0,7,122.0
4920.0,7,91.0
4925.0,1,93.0
4930.0,7,100.0
4935.0,7,111.0
4940.0,5,95.0
4945.0,4,69.0
4950.0,1,56.0
4955.0,7,78.0
4960.0,6,91.0
4965.0,3,60.0
4970.0,3,67.0
4975.0,7,93.0
4980.0,7,103.0
4985.0,5,56.0
4990.0,3,49.0
4995.0,3,49.0
5000.0,6,70.0
5005.0,15,126.0
5010.0,20,215.0
5015.0,27,336.0
5020.0,33,491.0
5025.0,31,589.0
5030.0,22,600.0
5035.0,14,520.0
5040.0,7,447.0
5045.0,0,421.0
5050.0,5,436.0
5055.0,6,411.0
5060.0,2,319.0
5065.0,2,296.0
5070.0,8,322.0
5075.0,7,299.0
5080.0,4,200.0
5085.0,3,162.0
5090.0,10,194.0
5095.0,8,172.0
5100.0,6,112.0
5105.0,5,123.0
5110.0,9,161.0
5115.0,12,181.0
5120.0,7,143.0
5125.0,6,161.0
5130.0,8,203.0
5135.0,10,210.0
5140.0,8,172.0
5145.0,6,183.0
5150.0,7,217.0
5155.0,8,222.0
5160.0,8,187.0
5165.0,5,187.0
5170.0,8,211.0
5175.0,8,207.0
5180.0,7,150.0
5185.0,3,98.0
5190.0,2,94.0
5195.0,8,115.0
5200.0,8,121.0
5205.0,8,102.0
5210.0,3,100.0
5215.0,6,119.0
5220.0,14,174.0
5225.0,13,204.0
5230.0,13,193.0
5235.0,10,161.0
5240.0,7,147.0
5245.0,2,130.0
5250.0,6,153.0
5255.0,13,206.0
5260.0,13,232.0
5265.0,11,211.0
5270.0,7,158.0
5275.0,2,159.0
5280.0,8,180.0
5285.0,9,182.0
5290.0,5,137.0
5295.0,3,79.0
5300.0,2,80.0
5305.0,7,108.0
5310.0,13,163.0
5315.0,14,191.0
5320.0,13,186.0
5325.0,11,228.0
5330.0,12,276.0
5335.0,8,278.0
5340.0,7,232.0
5345.0,7,236.0
5350.0,9,277.0
5355.0,15,341.0
5360.0,17,361.0
5365.0,15,331.0
5370.0,14,393.0
5375.0,14,457.0
5380.0,10,444.0
5385.0,8,364.0
5390.0,8,259.0
5395.0,4,269.0
5400.0,8,284.0
5405.0,8,276.0
5410.0,7,216.0
5415.0,4,148.0
5420.0,2,131.0
5425.0,6,152.0
5430.0,7,148.0
5435.0,5,101.0
5440.0,4,93.0
5445.0,7,120.0
5450.0,7,116.0
5455.0,6,85.0
5460.0,3,85.0
5465.0,6,108.0
5470.0,12,158.0
5475.0,15,188.0
5480.0,13,184.0
5485.0,11,198.0
5490.0,12,244.0
5495.0,12,300.0
5500.0,13,319.0
5505.0,10,287.0
5510.0,9,224.0
5515.0,7,261.0
5520.0,7,289.0
5525.0,8,285.0
5530.0,3,212.0
5535.0,6,233.0
5540.0,10,272.0
5545.0,15,334.0
5550.0,16,356.0
5555.0,15,282.0
5560.0,11,302.0
5565.0,11,357.0
5570.0,7,334.0
5575.0,5,258.0
5580.0,5,169.0
5585.0,2,168.0
5590.0,8,191.0
5595.0,8,195.0
5600.0,5,139.0
5605.0,2,132.0
5610.0,8,161.0
5615.0,8,163.0
5620.0,5,124.0
5625.0,5,77.0
5630.0,3,86.0
5635.0,7,107.0
5640.0,8,119.0
5645.0,8,112.0
5650.0,7,131.0
5655.0,8,159.0
5660.0,10,168.0
5665.0,8,144.0
5670.0,7,168.0
5675.0,10,202.0
5680.0,15,263.0
5685.0,16,293.0
5690.0,15,275.0
5695.0,12,315.0
5700.0,13,377.0
5705.0,13,436.0
5710.0,20,522.0
5715.0,25,638.0
5720.0,33,788.0
5725.0,32,862.0
5730.0,23,815.0
5735.0,17,868.0
5740.0,12,935.0
5745.0,13,995.0
5750.0,20,1083.0
5755.0,20,1070.0
5760.0,19,952.0
5765.0,14,929.0
5770.0,11,989.0
5775.0,7,920.0
5780.0,6,742.0
5785.0,3,705.0
5790.0,9,738.0
5795.0,9,676.0
5800.0,7,504.0
5805.0,5,270.0
5810.0,2,271.0
5815.0,8,297.0
5820.0,9,251.0
5825.0,4,150.0
5830.0,2,61.0
5835.0,2,66.0
5840.0,7,93.0
5845.0,9,106.0
5850.0,3,78.0
5855.0,4,84.0
5860.0,7,112.0
5865.0,8,120.0
5870.0,7,98.0
5875.0,5,111.0
5880.0,8,135.0
5885.0,11,146.0
5890.0,7,134.0
5895.0,6,145.0
5900.0,9,165.0
5905.0,9,176.0
5910.0,7,148.0
5915.0,9,116.0
5920.0,6,135.0
5925.0,8,163.0
5930.0,8,167.0
5935.0,6,129.0
5940.0,3,96.0
5945.0,3,92.0
5950.0,7,115.0
5955.0,9,132.0
5960.0,7,114.0
5965.0,2,105.0
5970.0,8,125.0
5975.0,9,137.0
5980.0,6,111.0
5985.0,4,74.0
5990.0,5,70.0
5995.0,0,46.0
6000.0,6,46.0
6005.0,13,97.0
6010.0,13,135.0
6015.0,12,142.0
6020.0,3,135.0
6025.0,7,156.0
6030.0,14,210.0
6035.0,14,237.0
6040.0,11,196.0
6045.0,12,176.0
6050.0,5,193.0
6055.0,9,216.0
6060.0,7,213.0
6065.0,5,147.0
6070.0,3,150.0
6075.0,7,173.0
6080.0,6,171.0
6085.0,4,132.0
6090.0,6,154.0
6095.0,10,188.0
6100.0,9,195.0
6105.0,7,152.0
6110.0,7,93.0
6115.0,3,73.0
6120.0,1,63.0
6125.0,7,82.0
6130.0,8,98.0
6135.0,5,87.0
6140.0,1,57.0
6145.0,2,50.0
6150.0,7,76.0
6155.0,7,86.0
6160.0,7,77.0
6165.0,3,84.0
6170.0,8,99.0
6175.0,8,109.0
6180.0,9,99.0
6185.0,7,84.0
6190.0,3,87.0
6195.0,8,109.0
6200.0,8,124.0
6205.0,4,105.0
6210.0,5,80.0
6215.0,2,83.0
6220.0,7,112.0
6225.0,13,169.0
6230.0,21,261.0
6235.0,26,382.0
6240.0,29,467.0
6245.0,26,489.0
6250.0,19,452.0
6255.0,7,494.0
6260.0,9,493.0
6265.0,9,480.0
6270.0,5,377.0
6275.0,4,357.0
6280.0,7,374.0
6285.0,7,344.0
6290.0,4,233.0
6295.0,2,139.0
6300.0,2,143.0
6305.0,7,170.0
6310.0,7,154.0
6315.0,5,80.0
6320.0,3,90.0
6325.0,8,119.0
6330.0,8,128.0
6335.0,5,103.0
6340.0,4,68.0
6345.0,3,70.0
6350.0,7,97.0
6355.0,7,104.0
6360.0,5,80.0
6365.0,3,50.0
6370.0,2,33.0
6375.0,0,23.0
6380.0,7,43.0
6385.0,8,62.0
6390.0,2,44.0
6395.0,0,48.0
6400.0,6,68.0
6405.0,7,82.0
6410.0,6,73.0
6415.0,4,54.0
6420.0,2,47.0
6425.0,7,68.0
6430.0,14,122.0
6435.0,12,156.0
6440.0,5,126.0
6445.0,3,144.0
6450.0,9,176.0
6455.0,13,234.0
6460.0,14,254.0
6465.0,10,217.0
6470.0,8,175.0
6475.0,5,167.0
6480.0,7,194.0
6485.0,8,192.0
6490.0,5,151.0
6495.0,3,137.0
6500.0,8,165.0
6505.0,8,170.0
6510.0,4,132.0
6515.0,4,69.0
6520.0,4,50.0
6525.0,4,54.0
6530.0,1,35.0
6535.0,6,25.0
6540.0,14,79.0
6545.0,18,159.0
6550.0,23,269.0
6555.0,26,393.0
6560.0,22,461.0
6565.0,16,422.0
6570.0,11,481.0
6575.0,10,532.0
6580.0,9,512.0
6585.0,8,431.0
6590.0,4,422.0
6595.0,9,446.0
6600.0,9,420.0
6605.0,7,281.0
6610.0,7,305.0
6615.0,8,343.0
6620.0,14,407.0
6625.0,15,396.0
6630.0,13,308.0
6635.0,13,239.0
6640.0,7,247.0
6645.0,6,269.0
6650.0,8,260.0
6655.0,6,193.0
6660.0,6,146.0
6665.0,4,103.0
6670.0,1,84.0
6675.0,7,86.0
6680.0,7,93.0
6685.0,8,75.0
6690.0,4,60.0
6695.0,2,58.0
6700.0,7,60.0
6705.0,8,80.0
6710.0,6,71.0
6715.0,3,80.0
6720.0,7,101.0
6725.0,8,109.0
6730.0,9,93.0
6735.0,1,82.0
6740.0,7,99.0
6745.0,6,110.0
6750.0,5,87.0
6755.0,3,84.0
6760.0,7,112.0
6765.0,6,113.0
6770.0,5,83.0
6775.0,6,101.0
6780.0,10,139.0
6785.0,9,153.0
6790.0,9,137.0
6795.0,7,149.0
6800.0,8,191.0
6805.0,7,191.0
6810.0,6,154.0
6815.0,3,137.0
6820.0,9,160.0
6825.0,14,220.0
6830.0,15,247.0
6835.0,16,232.0
6840.0,13,288.0
6845.0,14,348.0
6850.0,11,350.0
6855.0,9,279.0
6860.0,5,211.0
6865.0,2,207.0
6870.0,8,226.0
6875.0,8,226.0
6880.0,5,177.0
6885.0,4,176.0
6890.0,8,206.0
6895.0,7,197.0
6900.0,5,139.0
6905.0,5,86.0
6910.0,2,61.0
6915.0,2,43.0
6920.0,8,66.0
6925.0,8,84.0
6930.0,7,78.0
6935.0,3,56.0
6940.0,1,47.0
6945.0,7,70.0
6950.0,13,125.0
6955.0,19,207.0
6960.0,26,325.0
6965.0,30,471.0
6970.0,32,629.0
6975.0,35,800.0
6980.0,38,989.0
6985.0,32,1070.0
6990.0,24,1021.0
6995.0,13,1016.0
7000.0,11,1075.0
7005.0,6,1022.0
7010.0,3,812.0
7015.0,0,778.0
7020.0,8,805.0
7025.0,7,748.0
7030.0,5,591.0
7035.0,5,360.0
7040.0,2,352.0
7045.0,9,374.0
7050.0,7,320.0
7055.0,3,177.0
7060.0,6,200.0
7065.0,12,245.0
7070.0,18,320.0
7075.0,18,314.0
7080.0,13,249.0
7085.0,13,299.0
7090.0,14,371.0
7095.0,8,374.0
7100.0,5,315.0
7105.0,6,225.0
7110.0,2,232.0
7115.0,6,245.0
7120.0,5,233.0
7125.0,4,180.0
7130.0,1,147.0
7135.0,7,172.0
7140.0,8,168.0
7145.0,6,120.0
7150.0,5,68.0
7155.0,3,62.0
7160.0,2,44.0
7165.0,8,50.0
7170.0,14,105.0
7175.0,14,143.0
7180.0,11,133.0
7185.0,9,174.0
7190.0,9,213.0
7195.0,9,223.0
7200.0,8,195.0
7205.0,7,221.0
7210.0,9,252.0
7215.0,9,252.0
7220.0,8,183.0
7225.0,6,151.0
7230.0,1,116.0
7235.0,6,129.0
7240.0,7,130.0
7245.0,5,94.0
7250.0,4,61.0
7255.0,2,52.0
7260.0,7,69.0
7265.0,9,88.0
7270.0,8,79.0
7275.0,3,82.0
7280.0,7,98.0
7285.0,14,151.0
7290.0,13,185.0
7295.0,11,158.0
7300.0,7,137.0
7305.0,2,91.0
7310.0,1,78.0
7315.0,7,98.0
7320.0,7,111.0
7325.0,4,75.0
7330.0,2,85.0
7335.0,8,114.0
7340.0,8,123.0
7345.0,8,102.0
7350.0,7,129.0
7355.0,11,165.0
7360.0,9,175.0
7365.0,8,145.0
7370.0,7,157.0
7375.0,9,200.0
7380.0,8,203.0
7385.0,4,148.0
7390.0,4,148.0
7395.0,7,178.0
7400.0,7,180.0
7405.0,4,135.0
7410.0,4,137.0
7415.0,8,168.0
7420.0,9,172.0
7425.0,4,119.0
7430.0,4,119.0
7435.0,9,147.0
7440.0,7,146.0
7445.0,4,104.0
7450.0,2,64.0
7455.0,1,57.0
7460.0,7,80.0
7465.0,7,93.0
7470.0,4,78.0
7475.0,3,73.0
7480.0,9,100.0
7485.0,8,112.0
7490.0,5,87.0
7495.0,0,48.0
7500.0,3,51.0
7505.0,7,75.0
7510.0,8,93.0
7515.0,6,80.0
7520.0,7,115.0
7525.0,8,154.0
7530.0,14,217.0
7535.0,16,250.0
7540.0,14,218.0
7545.0,9,271.0
7550.0,11,314.0
7555.0,9,311.0
7560.0,7,258.0
7565.0,7,188.0
7570.0,3,189.0
7575.0,8,210.0
7580.0,8,209.0
7585.0,4,164.0
7590.0,4,83.0
7595.0,1,41.0
7600.0,1,40.0
7605.0,7,62.0
7610.0,7,76.0
7615.0,1,57.0
7620.0,0,16.0
7625.0,2,19.0
7630.0,8,49.0
7635.0,14,106.0
7640.0,18,189.0
7645.0,20,284.0
7650.0,21,387.0
7655.0,25,505.0
7660.0,27,640.0
7665.0,30,786.0
7670.0,31,937.0
7675.0,32,1095.0
7680.0,33,1258.0
7685.0,37,1440.0
7690.0,32,1483.0
7695.0,23,1356.0
7700.0,17,1086.0
7705.0,8,1128.0
7710.0,8,1156.0
7715.0,9,1068.0
7720.0,8,851.0
7725.0,7,877.0
7730.0,10,903.0
7735.0,11,821.0
7740.0,7,615.0
7745.0,6,319.0
7750.0,3,316.0
7755.0,7,340.0
7760.0,8,291.0
7765.0,6,164.0
7770.0,4,73.0
7775.0,2,72.0
7780.0,6,93.0
7785.0,7,107.0
7790.0,4,87.0
7795.0,1,59.0
7800.0,0,31.0
7805.0,1,30.0
7810.0,7,55.0
7815.0,7,73.0
7820.0,5,61.0
7825.0,5,53.0
7830.0,3,48.0
7835.0,8,74.0
7840.0,7,93.0
7845.0,5,77.0
7850.0,5,100.0
7855.0,10,137.0
7860.0,10,154.0
7865.0,9,119.0
7870.0,7,100.0
7875.0,5,107.0
7880.0,8,136.0
7885.0,8,144.0
7890.0,5,112.0
7895.0,1,76.0
7900.0,1,70.0
7905.0,7,94.0
7910.0,7,107.0
7915.0,6,84.0
7920.0,3,87.0
7925.0,8,118.0
7930.0,9,128.0
7935.0,5,98.0
7940.0,4,65.0
7945.0,2,75.0
7950.0,7,103.0
7955.0,9,119.0
7960.0,4,94.0
7965.0,3,58.0
7970.0,2,61.0
7975.0,8,88.0
7980.0,7,101.0
7985.0,5,77.0
7990.0,4,52.0
7995.0,3,52.0
8000.0,8,82.0
8005.0,8,102.0
8010.0,7,90.0
8015.0,6,77.0
8020.0,2,66.0
8025.0,6,81.0
8030.0,8,97.0
8035.0,5,84.0
8040.0,3,90.0
8045.0,9,125.0
8050.0,8,138.0
8055.0,6,92.0
8060.0,4,64.0
8065.0,2,62.0
8070.0,7,84.0
8075.0,7,95.0
8080.0,6,78.0
8085.0,4,54.0
8090.0,5,54.0
8095.0,1,40.0
8100.0,6,38.0
8105.0,6,55.0
8110.0,6,55.0
8115.0,3,53.0
8120.0,9,74.0
8125.0,14,133.0
8130.0,21,221.0
8135.0,25,341.0
8140.0,29,478.0
8145.0,30,628.0
8150.0,32,783.0
8155.0,37,956.0
8160.0,32,1038.0
8165.0,23,989.0
8170.0,15,819.0
8175.0,5,665.0
8180.0,0,617.0
8185.0,7,637.0
8190.0,12,684.0
8195.0,13,651.0
8200.0,9,516.0
8205.0,6,507.0
8210.0,9,540.0
8215.0,10,482.0
8220.0,8,338.0
8225.0,7,153.0
8230.0,5,155.0
8235.0,8,175.0
8240.0,14,232.0
8245.0,14,234.0
8250.0,12,202.0
8255.0,11,171.0
8260.0,5,205.0
8265.0,7,223.0
8270.0,7,224.0
8275.0,5,168.0
8280.0,2,174.0
8285.0,8,205.0
8290.0,8,204.0
8295.0,6,142.0
8300.0,4,101.0
8305.0,1,79.0
8310.0,5,92.0
8315.0,7,96.0
8320.0,3,66.0
8325.0,4,79.0
8330.0,7,108.0
8335.0,9,121.0
8340.0,5,102.0
8345.0,5,79.0
8350.0,2,89.0
8355.0,7,115.0
8360.0,6,123.0
8365.0,4,98.0
8370.0,2,54.0
8375.0,1,51.0
8380.0,8,72.0
8385.0,8,87.0
8390.0,6,60.0
8395.0,4,49.0
8400.0,3,43.0
8405.0,1,26.0
8410.0,7,41.0
8415.0,7,61.0
8420.0,4,50.0
8425.0,3,70.0
8430.0,7,96.0
8435.0,14,154.0
8440.0,21,244.0
8445.0,20,301.0
8450.0,15,299.0
8455.0,11,271.0
8460.0,6,216.0
8465.0,1,198.0
8470.0,7,217.0
8475.0,7,208.0
8480.0,4,155.0
8485.0,3,150.0
8490.0,7,173.0
8495.0,7,166.0
8500.0,6,115.0
8505.0,5,120.0
8510.0,8,157.0
8515.0,8,159.0
8520.0,4,116.0
8525.0,4,113.0
8530.0,7,146.0
8535.0,8,150.0
8540.0,6,121.0
8545.0,4,118.0
8550.0,8,146.0
8555.0,9,154.0
8560.0,7,133.0
8565.0,4,143.0
8570.0,8,166.0
8575.0,15,224.0
8580.0,16,253.0
8585.0,13,236.0
8590.0,12,200.0
8595.0,9,202.0
8600.0,0,168.0
8605.0,6,169.0
8610.0,6,169.0
8615.0,6,138.0
8620.0,2,135.0
8625.0,7,162.0
8630.0,16,225.0
8635.0,21,319.0
8640.0,23,429.0
8645.0,26,553.0
8650.0,27,684.0
8655.0,30,824.0
8660.0,31,975.0
8665.0,34,1141.0
8670.0,37,1324.0
8675.0,38,1512.0
8680.0,32,1549.0
8685.0,23,1346.0
8690.0,15,1356.0
8695.0,11,1417.0
8700.0,7,1321.0
8705.0,5,1077.0
8710.0,3,737.0
8715.0,2,745.0
8720.0,9,772.0
8725.0,9,695.0
8730.0,5,500.0
8735.0,1,242.0
8740.0,2,234.0
8745.0,8,260.0
8750.0,7,209.0
8755.0,4,71.0
8760.0,0,35.0
8765.0,2,37.0
8770.0,8,61.0
8775.0,8,82.0
8780.0,4,69.0
8785.0,4,55.0
8790.0,3,47.0
8795.0,1,33.0
8800.0,7,55.0
8805.0,8,76.0
8810.0,5,78.0
8815.0,2,76.0
8820.0,9,106.0
8825.0,10,129.0
8830.0,7,113.0
8835.0,6,82.0
8840.0,2,68.0
8845.0,1,38.0
8850.0,6,58.0
8855.0,7,73.0
8860.0,4,61.0
8865.0,1,66.0
8870.0,8,90.0
8875.0,9,101.0
8880.0,6,87.0
8885.0,3,58.0
8890.0,2,49.0
8895.0,8,73.0
8900.0,9,90.0
8905.0,6,68.0
8910.0,3,76.0
8915.0,8,100.0
8920.0,8,112.0
8925.0,6,84.0
8930.0,3,60.0
8935.0,1,52.0
8940.0,7,76.0
8945.0,6,85.0
8950.0,6,73.0
8955.0,3,51.0
8960.0,1,46.0
8965.0,7,70.0
8970.0,8,89.0
8975.0,4,65.0
8980.0,2,40.0
8985.0,2,39.0
8990.0,8,67.0
8995.0,9,85.0
9000.0,5,76.0
9005.0,5,62.0
9010.0,3,69.0
9015.0,7,82.0
9020.0,7,97.0
9025.0,5,80.0
9030.0,3,50.0
9035.0,1,47.0
9040.0,8,76.0
9045.0,8,94.0
9050.0,5,78.0
9055.0,3,53.0
9060.0,3,47.0
9065.0,9,74.0
9070.0,9,94.0
9075.0,6,85.0
9080.0,3,57.0
9085.0,2,46.0
9090.0,2,24.0
9095.0,7,46.0
9100.0,13,102.0
9105.0,13,141.0
9110.0,6,133.0
9115.0,1,95.0
9120.0,0,72.0
9125.0,7,93.0
9130.0,8,103.0
9135.0,5,77.0
9140.0,1,36.0
9145.0,2,32.0
9150.0,7,54.0
9155.0,6,69.0
9160.0,4,46.0
9165.0,3,59.0
9170.0,9,87.0
9175.0,9,102.0
9180.0,5,92.0
9185.0,3,64.0
9190.0,3,41.0
9195.0,2,37.0
9200.0,7,58.0
9205.0,12,108.0
9210.0,14,145.0
9215.0,9,143.0
9220.0,5,175.0
9225.0,7,204.0
9230.0,9,212.0
9235.0,7,185.0
9240.0,5,134.0
9245.0,1,117.0
9250.0,6,128.0
9255.0,7,128.0
9260.0,3,83.0
9265.0,4,86.0
9270.0,7,111.0
9275.0,8,113.0
9280.0,6,89.0
9285.0,3,57.0
9290.0,2,45.0
9295.0,7,68.0
9300.0,8,85.0
9305.0,5,74.0
9310.0,2,61.0
9315.0,8,88.0
9320.0,8,105.0
9325.0,5,89.0
9330.0,5,108.0
9335.0,10,149.0
9340.0,8,160.0
9345.0,8,132.0
9350.0,5,101.0
9355.0,2,99.0
9360.0,8,122.0
9365.0,8,136.0
9370.0,7,119.0
9375.0,4,83.0
9380.0,4,75.0
9385.0,2,47.0
9390.0,7,55.0
9395.0,7,71.0
9400.0,3,57.0
9405.0,2,47.0
9410.0,7,72.0
9415.0,8,87.0
9420.0,5,70.0
9425.0,2,43.0
9430.0,2,32.0
9435.0,1,14.0
9440.0,6,36.0
9445.0,13,92.0
9450.0,19,179.0
9455.0,21,283.0
9460.0,27,406.0
9465.0,31,551.0
9470.0,34,716.0
9475.0,37,895.0
9480.0,33,984.0
9485.0,24,951.0
9490.0,16,1032.0
9495.0,14,1104.0
9500.0,9,1060.0
9505.0,5,900.0
9510.0,8,933.0
9515.0,11,985.0
9520.0,17,1056.0
9525.0,15,1015.0
9530.0,12,853.0
9535.0,13,610.0
9540.0,3,627.0
9545.0,8,650.0
9550.0,9,586.0
9555.0,5,421.0
9560.0,3,181.0
9565.0,1,177.0
9570.0,7,198.0
9575.0,6,154.0
9580.0,4,104.0
9585.0,1,40.0
9590.0,2,30.0
9595.0,1,20.0
9600.0,6,39.0
9605.0,6,55.0
9610.0,4,49.0
9615.0,3,52.0
9620.0,8,78.0
9625.0,10,98.0
9630.0,9,86.0
9635.0,5,97.0
9640.0,8,116.0
9645.0,14,174.0
9650.0,13,206.0
9655.0,10,179.0
9660.0,12,230.0
9665.0,13,297.0
9670.0,15,361.0
9675.0,14,381.0
9680.0,13,340.0
9685.0,13,281.0
9690.0,6,315.0
9695.0,8,337.0
9700.0,11,336.0
9705.0,8,283.0
9710.0,7,297.0
9715.0,8,331.0
9720.0,11,326.0
9725.0,10,244.0
9730.0,7,250.0
9735.0,9,271.0
9740.0,13,330.0
9745.0,13,333.0
9750.0,10,274.0
9755.0,12,194.0
9760.0,3,211.0
9765.0,7,233.0
9770.0,8,229.0
9775.0,4,184.0
9780.0,3,120.0
9785.0,1,115.0
9790.0,6,136.0
9795.0,7,133.0
9800.0,4,86.0
9805.0,3,37.0
9810.0,1,31.0
9815.0,6,51.0
9820.0,7,63.0
9825.0,4,53.0
9830.0,4,67.0
9835.0,7,94.0
9840.0,16,152.0
9845.0,14,188.0
9850.0,13,178.0
9855.0,12,230.0
9860.0,13,299.0
9865.0,8,304.0
9870.0,6,254.0
9875.0,5,278.0
9880.0,10,315.0
9885.0,15,379.0
9890.0,18,402.0
9895.0,16,374.0
9900.0,15,406.0
9905.0,12,466.0
9910.0,14,529.0
9915.0,15,535.0
9920.0,12,462.0
9925.0,10,483.0
9930.0,10,532.0
9935.0,8,497.0
9940.0,6,388.0
9945.0,5,402.0
9950.0,10,442.0
9955.0,9,408.0
9960.0,7,287.0
9965.0,5,276.0
9970.0,7,307.0
9975.0,7,276.0
9980.0,6,191.0
9985.0,6,109.0
9990.0,3,106.0
9995.0,6,119.0
10000.0,7,125.0
10005.0,4,95.0
10010.0,3,51.0
10015.0,2,46.0
10020.0,8,71.0
10025.0,8,90.0
10030.0,7,83.0
10035.0,3,59.0
10040.0,4,72.0
10045.0,8,102.0
10050.0,7,120.0
10055.0,7,107.0
10060.0,8,90.0
10065.0,2,101.0
10070.0,8,111.0
10075.0,9,120.0
10080.0,5,103.0
10085.0,8,78.0
10090.0,4,86.0
10095.0,9,107.0
10100.0,9,118.0
10105.0,5,97.0
10110.0,4,71.0
10115.0,2,47.0
10120.0,2,30.0
10125.0,7,56.0
10130.0,14,114.0
10135.0,14,155.0
10140.0,12,144.0
10145.0,11,142.0
10150.0,5,151.0
10155.0,7,183.0
10160.0,7,190.0
10165.0,5,160.0
10170.0,3,107.0
10175.0,2,103.0
10180.0,7,129.0
10185.0,6,135.0
10190.0,5,97.0
10195.0,2,94.0
10200.0,7,118.0
10205.0,7,120.0
10210.0,4,82.0
10215.0,3,80.0
10220.0,7,106.0
10225.0,9,117.0
10230.0,5,84.0
10235.0,3,56.0
10240.0,1,34.0
10245.0,1,30.0
10250.0,6,52.0
10255.0,9,75.0
10260.0,5,72.0
10265.0,2,54.0
10270.0,3,43.0
10275.0,2,24.0
10280.0,6,41.0
10285.0,9,63.0
10290.0,4,60.0
10295.0,2,40.0
10300.0,3,38.0
10305.0,1,11.0
10310.0,6,20.0
10315.0,11,68.0
10320.0,15,136.0
10325.0,18,218.0
10330.0,22,318.0
10335.0,22,428.0
10340.0,25,550.0
10345.0,30,692.0
10350.0,34,852.0
10355.0,32,926.0
10360.0,24,877.0
10365.0,16,710.0
10370.0,9,610.0
10375.0,0,528.0
10380.0,6,526.0
10385.0,6,479.0
10390.0,5,356.0
10395.0,2,361.0
10400.0,8,389.0
10405.0,14,448.0
10410.0,14,437.0
10415.0,12,300.0
10420.0,9,176.0
10425.0,2,185.0
10430.0,8,207.0
10435.0,8,171.0
10440.0,8,129.0
10445.0,4,139.0
10450.0,7,166.0
10455.0,7,163.0
10460.0,3,99.0
10465.0,1,104.0
10470.0,8,130.0
10475.0,8,133.0
10480.0,4,97.0
10485.0,3,48.0
10490.0,2,55.0
10495.0,7,79.0
10500.0,8,97.0
10505.0,4,78.0
10510.0,0,44.0
10515.0,2,49.0
10520.0,8,78.0
10525.0,9,93.0
10530.0,6,76.0
10535.0,5,60.0
10540.0,4,61.0
10545.0,1,43.0
10550.0,7,46.0
10555.0,7,63.0
10560.0,4,52.0
10565.0,1,53.0
10570.0,8,80.0
10575.0,9,101.0
10580.0,7,87.0
10585.0,3,55.0
10590.0,2,52.0
10595.0,8,78.0
10600.0,14,132.0
10605.0,14,167.0
10610.0,7,141.0
10615.0,1,128.0
10620.0,7,150.0
10625.0,7,150.0
10630.0,5,111.0
10635.0,4,60.0
10640.0,4,59.0
10645.0,0,35.0
10650.0,5,47.0
10655.0,6,65.0
10660.0,2,52.0
10665.0,1,35.0
10670.0,2,27.0
10675.0,8,52.0
10680.0,7,67.0
10685.0,6,61.0
10690.0,4,48.0
10695.0,2,42.0
10700.0,9,72.0
10705.0,8,96.0
10710.0,5,71.0
10715.0,4,49.0
10720.0,0,30.0
10725.0,0,29.0
10730.0,7,51.0
10735.0,7,74.0
10740.0,4,63.0
10745.0,0,28.0
10750.0,1,26.0
10755.0,5,42.0
10760.0,6,56.0
10765.0,2,36.0
10770.0,2,42.0
10775.0,8,70.0
10780.0,8,88.0
10785.0,5,67.0
10790.0,1,75.0
10795.0,6,99.0
10800.0,8,108.0
10805.0,8,92.0
10810.0,4,110.0
10815.0,8,133.0
10820.0,9,141.0
10825.0,5,102.0
10830.0,4,69.0
10835.0,3,58.0
10840.0,2,40.0
10845.0,7,53.0
10850.0,8,69.0
10855.0,6,70.0
10860.0,3,56.0
10865.0,3,56.0
10870.0,3,57.0
10875.0,0,19.0
10880.0,8,28.0
10885.0,13,79.0
10890.0,18,160.0
10895.0,13,203.0
10900.0,6,180.0
10905.0,2,110.0
10910.0,2,109.0
10915.0,7,134.0
10920.0,13,187.0
10925.0,11,203.0
10930.0,3,137.0
10935.0,2,125.0
10940.0,8,152.0
10945.0,9,150.0
10950.0,7,115.0
10955.0,5,77.0
10960.0,3,65.0
10965.0,5,62.0
10970.0,1,35.0
10975.0,5,23.0
10980.0,8,41.0
10985.0,4,48.0
10990.0,2,44.0
10995.0,7,67.0
11000.0,8,89.0
11005.0,5,79.0
11010.0,3,54.0
11015.0,0,49.0
11020.0,6,69.0
11025.0,12,115.0
11030.0,12,149.0
11035.0,10,145.0
11040.0,9,126.0
11045.0,3,137.0
11050.0,9,166.0
11055.0,7,176.0
11060.0,5,146.0
11065.0,3,91.0
11070.0,3,92.0
11075.0,7,109.0
11080.0,8,118.0
11085.0,5,86.0
11090.0,6,106.0
11095.0,9,145.0
11100.0,10,150.0
11105.0,7,124.0
11110.0,4,95.0
11115.0,2,72.0
11120.0,1,52.0
11125.0,7,73.0
11130.0,5,82.0
11135.0,5,63.0
11140.0,3,63.0
11145.0,10,96.0
11150.0,8,116.0
11155.0,9,107.0
11160.0,7,135.0
11165.0,10,163.0
11170.0,9,174.0
11175.0,6,142.0
11180.0,3,96.0
11185.0,1,81.0
11190.0,7,104.0
11195.0,7,113.0
11200.0,5,81.0
11205.0,3,51.0
11210.0,2,44.0
11215.0,6,69.0
11220.0,7,82.0
11225.0,5,76.0
11230.0,4,58.0
11235.0,0,52.0
11240.0,7,71.0
11245.0,8,89.0
11250.0,5,77.0
11255.0,1,43.0
11260.0,2,46.0
11265.0,7,69.0
11270.0,7,79.0
11275.0,4,65.0
11280.0,2,37.0
11285.0,3,37.0
11290.0,2,19.0
11295.0,7,34.0
11300.0,14,91.0
11305.0,19,177.0
11310.0,27,297.0
11315.0,26,384.0
11320.0,18,398.0
11325.0,12,446.0
11330.0,11,502.0
11335.0,8,489.0
11340.0,8,415.0
11345.0,6,413.0
11350.0,11,455.0
11355.0,10,441.0
11360.0,6,354.0
11365.0,5,349.0
11370.0,8,384.0
11375.0,9,353.0
11380.0,6,254.0
11385.0,5,253.0
11390.0,9,289.0
11395.0,11,265.0
11400.0,6,181.0
11405.0,5,117.0
11410.0,3,87.0
11415.0,5,80.0
11420.0,2,49.0
11425.0,7,51.0
11430.0,14,105.0
11435.0,13,143.0
11440.0,6,128.0
11445.0,2,127.0
11450.0,8,156.0
11455.0,9,163.0
11460.0,2,104.0
11465.0,0,34.0
11470.0,0,0.0
11475.0,1,1.0
11480.0,6,24.0
11485.0,11,72.0
11490.0,14,135.0
11495.0,16,211.0
11500.0,21,305.0
11505.0,23,414.0
11510.0,27,540.0
11515.0,32,689.0
11520.0,33,851.0
11525.0,38,1032.0
11530.0,32,1105.0
11535.0,24,1031.0
11540.0,19,1129.0
11545.0,16,1215.0
11550.0,10,1160.0
11555.0,8,922.0
11560.0,7,704.0
11565.0,6,523.0
11570.0,2,482.0
11575.0,6,494.0
11580.0,6,443.0
11585.0,4,300.0
11590.0,3,307.0
11595.0,9,338.0
11600.0,9,292.0
11605.0,8,167.0
11610.0,7,89.0
11615.0,3,87.0
11620.0,8,103.0
11625.0,8,110.0
11630.0,6,92.0
11635.0,4,65.0
11640.0,1,57.0
11645.0,7,72.0
11650.0,7,87.0
11655.0,5,64.0
11660.0,2,54.0
11665.0,2,37.0
11670.0,8,66.0
11675.0,8,87.0
11680.0,5,74.0
11685.0,5,50.0
11690.0,1,46.0
11695.0,6,63.0
11700.0,8,79.0
11705.0,5,70.0
11710.0,3,57.0
11715.0,2,54.0
11720.0,6,70.0
11725.0,7,83.0
11730.0,4,67.0
11735.0,4,67.0
11740.0,8,94.0
11745.0,8,107.0
11750.0,6,84.0
11755.0,4,64.0
11760.0,2,65.0
11765.0,6,71.0
11770.0,8,83.0
11775.0,4,58.0
11780.0,3,63.0
11785.0,7,89.0
11790.0,13,141.0
11795.0,13,170.0
11800.0,13,169.0
11805.0,11,150.0
11810.0,7,176.0
11815.0,7,194.0
11820.0,7,201.0
11825.0,6,178.0
11830.0,4,183.0
11835.0,8,207.0
11840.0,9,212.0
11845.0,6,162.0
11850.0,3,111.0
11855.0,2,57.0
11860.0,2,40.0
11865.0,7,65.0
11870.0,7,77.0
11875.0,3,45.0
11880.0,0,27.0
11885.0,0,8.0
11890.0,1,9.0
11895.0,8,33.0
11900.0,7,56.0
11905.0,5,59.0
11910.0,4,51.0
11915.0,3,45.0
11920.0,1,26.0
11925.0,7,43.0
11930.0,12,93.0
11935.0,20,177.0
11940.0,17,235.0
11945.0,13,233.0
11950.0,9,264.0
11955.0,10,302.0
11960.0,12,307.0
11965.0,8,246.0
11970.0,6,270.0
11975.0,9,302.0
11980.0,8,286.0
11985.0,5,206.0
11990.0,3,102.0
11995.0,3,46.0
12000.0,2,37.0
12005.0,8,61.0
12010.0,8,74.0
12015.0,5,65.0
12020.0,3,66.0
12025.0,9,94.0
12030.0,16,159.0
12035.0,21,252.0
12040.0,25,367.0
12045.0,30,506.0
12050.0,29,586.0
12055.0,22,579.0
12060.0,15,494.0
12065.0,8,417.0
12070.0,2,394.0
12075.0,7,410.0
12080.0,10,394.0
12085.0,7,316.0
12090.0,3,322.0
12095.0,7,341.0
12100.0,10,325.0
12105.0,6,242.0
12110.0,0,185.0
12115.0,5,191.0
12120.0,8,161.0
12125.0,7,82.0
12130.0,2,71.0
12135.0,7,86.0
12140.0,8,94.0
12145.0,6,76.0
12150.0,3,52.0
12155.0,2,37.0
12160.0,2,34.0
12165.0,7,57.0
12170.0,8,78.0
12175.0,6,68.0
12180.0,6,61.0
12185.0,3,59.0
12190.0,8,73.0
12195.0,15,131.0
12200.0,21,222.0
12205.0,27,343.0
12210.0,31,489.0
12215.0,34,654.0
12220.0,38,839.0
12225.0,32,928.0
12230.0,24,900.0
12235.0,19,783.0
12240.0,5,821.0
12245.0,6,824.0
12250.0,7,778.0
12255.0,5,646.0
12260.0,6,451.0
12265.0,5,267.0
12270.0,1,254.0
12275.0,7,264.0
12280.0,7,224.0
12285.0,4,115.0
12290.0,2,85.0
12295.0,7,107.0
12300.0,8,97.0
12305.0,4,60.0
12310.0,2,47.0
12315.0,1,25.0
12320.0,3,31.0
12325.0,7,58.0
12330.0,13,110.0
12335.0,20,197.0
12340.0,23,309.0
12345.0,27,439.0
12350.0,24,510.0
12355.0,18,492.0
12360.0,15,443.0
12365.0,6,458.0
12370.0,6,480.0
12375.0,7,456.0
12380.0,7,371.0
12385.0,4,244.0
12390.0,2,234.0
12395.0,6,244.0
12400.0,8,225.0
12405.0,5,134.0
12410.0,3,140.0
12415.0,10,166.0
12420.0,14,228.0
12425.0,21,323.0
12430.0,20,356.0
12435.0,18,324.0
12440.0,18,413.0
12445.0,14,487.0
12450.0,9,476.0
12455.0,8,412.0
12460.0,5,301.0
12465.0,4,325.0
12470.0,7,350.0
12475.0,8,337.0
12480.0,6,272.0
12485.0,4,176.0
12490.0,2,173.0
12495.0,9,190.0
12500.0,10,182.0
12505.0,7,129.0
12510.0,5,101.0
12515.0,6,124.0
12520.0,6,123.0
12525.0,4,92.0
12530.0,1,54.0
12535.0,1,26.0
12540.0,1,16.0
12545.0,7,38.0
12550.0,9,62.0
12555.0,7,67.0
12560.0,6,69.0
12565.0,2,67.0
12570.0,8,65.0
12575.0,9,87.0
12580.0,5,83.0
12585.0,1,48.0
12590.0,2,50.0
12595.0,8,78.0
12600.0,8,92.0
12605.0,4,71.0
12610.0,4,67.0
12615.0,7,93.0
12620.0,7,102.0
12625.0,4,79.0
12630.0,4,91.0
12635.0,10,128.0
12640.0,14,189.0
12645.0,15,224.0
12650.0,12,212.0
12655.0,11,173.0
12660.0,7,212.0
12665.0,9,246.0
12670.0,7,253.0
12675.0,4,193.0
12680.0,3,134.0
12685.0,1,73.0
12690.0,2,71.0
12695.0,6,95.0
12700.0,6,100.0
12705.0,6,69.0
12710.0,3,83.0
12715.0,9,104.0
12720.0,9,111.0
12725.0,10,106.0
12730.0,8,96.0
12735.0,2,102.0
12740.0,8,118.0
12745.0,12,138.0
12750.0,9,125.0
12755.0,4,142.0
12760.0,8,157.0
12765.0,8,170.0
12770.0,7,144.0
12775.0,5,101.0
12780.0,2,76.0
12785.0,1,36.0
12790.0,6,52.0
12795.0,6,64.0
12800.0,4,52.0
12805.0,2,38.0
12810.0,2,37.0
12815.0,1,14.0
12820.0,7,33.0
12825.0,6,51.0
12830.0,4,45.0
12835.0,5,65.0
12840.0,9,99.0
12845.0,11,124.0
12850.0,11,124.0
12855.0,8,117.0
12860.0,6,107.0
12865.0,2,81.0
12870.0,6,101.0
12875.0,7,117.0
12880.0,5,102.0
12885.0,3,97.0
12890.0,8,125.0
12895.0,8,133.0
12900.0,6,103.0
12905.0,5,113.0
12910.0,7,144.0
12915.0,9,143.0
12920.0,7,115.0
12925.0,6,93.0
12930.0,3,88.0
12935.0,8,103.0
12940.0,8,117.0
12945.0,6,83.0
12950.0,3,59.0
12955.0,3,57.0
12960.0,6,77.0
12965.0,7,90.0
12970.0,5,61.0
12975.0,2,38.0
12980.0,2,32.0
12985.0,8,59.0
12990.0,9,78.0
12995.0,5,70.0
13000.0,4,53.0
13005.0,1,41.0
13010.0,1,27.0
13015.0,7,46.0
13020.0,6,61.0
13025.0,5,56.0
13030.0,2,55.0
13035.0,7,71.0
13040.0,14,126.0
13045.0,20,215.0
13050.0,23,321.0
13055.0,25,441.0
13060.0,28,574.0
13065.0,29,719.0
13070.0,30,866.0
13075.0,34,1027.0
13080.0,34,1093.0
13085.0,25,1035.0
13090.0,14,1013.0
13095.0,12,1068.0
13100.0,8,1006.0
13105.0,5,826.0
13110.0,5,557.0
13115.0,1,554.0
13120.0,7,578.0
13125.0,6,517.0
13130.0,3,355.0
13135.0,6,373.0
13140.0,9,411.0
13145.0,10,365.0
13150.0,7,247.0
13155.0,7,95.0
13160.0,6,93.0
13165.0,2,68.0
13170.0,7,78.0
13175.0,8,90.0
13180.0,7,89.0
13185.0,3,98.0
13190.0,8,124.0
13195.0,11,142.0
13200.0,7,117.0
13205.0,5,125.0
13210.0,8,153.0
13215.0,14,210.0
13220.0,15,239.0
13225.0,12,225.0
13230.0,10,182.0
13235.0,7,161.0
13240.0,0,149.0
13245.0,7,171.0
13250.0,7,176.0
13255.0,4,137.0
13260.0,2,81.0
13265.0,2,73.0
13270.0,8,99.0
13275.0,7,103.0
13280.0,5,74.0
13285.0,2,35.0
13290.0,2,32.0
13295.0,8,57.0
13300.0,8,78.0
13305.0,5,69.0
13310.0,5,59.0
13315.0,3,55.0
13320.0,8,71.0
13325.0,8,89.0
13330.0,6,73.0
13335.0,5,60.0
13340.0,3,53.0
13345.0,8,76.0
13350.0,9,94.0
13355.0,6,82.0
13360.0,5,64.0
13365.0,2,72.0
13370.0,8,95.0
13375.0,8,108.0
13380.0,6,95.0
13385.0,4,105.0
13390.0,8,133.0
13395.0,16,193.0
13400.0,15,226.0
13405.0,13,217.0
13410.0,11,188.0
13415.0,3,195.0
13420.0,7,211.0
13425.0,7,211.0
13430.0,4,143.0
13435.0,2,156.0
13440.0,8,183.0
13445.0,9,184.0
13450.0,6,133.0
13455.0,1,125.0
13460.0,7,149.0
13465.0,7,147.0
13470.0,6,99.0
13475.0,2,87.0
13480.0,7,109.0
13485.0,7,117.0
13490.0,4,89.0
13495.0,3,64.0
13500.0,2,59.0
13505.0,6,82.0
13510.0,8,95.0
13515.0,7,84.0
13520.0,4,73.0
13525.0,4,67.0
13530.0,2,46.0
13535.0,6,35.0
13540.0,12,83.0
13545.0,20,168.0
13550.0,19,232.0
13555.0,11,202.0
13560.0,7,241.0
13565.0,8,276.0
13570.0,8,277.0
13575.0,8,232.0
13580.0,5,158.0
13585.0,3,99.0
13590.0,4,71.0
13595.0,2,39.0
13600.0,7,39.0
13605.0,9,56.0
13610.0,3,48.0
13615.0,2,49.0
13620.0,6,73.0
13625.0,8,91.0
13630.0,4,70.0
13635.0,3,52.0
13640.0,2,35.0
13645.0,8,60.0
13650.0,9,77.0
13655.0,5,72.0
13660.0,2,51.0
13665.0,1,43.0
13670.0,8,66.0
13675.0,7,79.0
13680.0,4,64.0
13685.0,2,34.0
13690.0,3,32.0
13695.0,0,18.0
13700.0,6,36.0
13705.0,6,54.0
13710.0,1,39.0
13715.0,4,52.0
13720.0,11,94.0
13725.0,16,166.0
13730.0,16,211.0
13735.0,10,185.0
13740.0,7,157.0
13745.0,2,107.0
13750.0,4,81.0
13755.0,0,60.0
13760.0,6,62.0
13765.0,12,110.0
13770.0,11,138.0
13775.0,5,95.0
13780.0,1,58.0
13785.0,2,61.0
13790.0,7,84.0
13795.0,9,98.0
13800.0,5,75.0
13805.0,3,43.0
13810.0,2,46.0
13815.0,6,66.0
13820.0,9,81.0
13825.0,6,76.0
13830.0,5,67.0
13835.0,3,58.0
13840.0,7,62.0
13845.0,13,118.0
13850.0,14,162.0
13855.0,13,169.0
13860.0,11,151.0
13865.0,8,152.0
13870.0,1,132.0
13875.0,6,139.0
13880.0,8,145.0
13885.0,5,123.0
13890.0,4,126.0
13895.0,9,150.0
13900.0,10,161.0
13905.0,6,125.0
13910.0,4,128.0
13915.0,9,159.0
13920.0,14,219.0
13925.0,15,242.0
13930.0,13,219.0
13935.0,12,276.0
13940.0,12,329.0
13945.0,15,393.0
13950.0,16,407.0
13955.0,14,363.0
13960.0,12,286.0
13965.0,7,320.0
13970.0,7,352.0
13975.0,7,337.0
13980.0,4,266.0
13985.0,5,285.0
13990.0,7,322.0
13995.0,9,311.0
14000.0,6,236.0
14005.0,4,211.0
14010.0,9,253.0
14015.0,7,236.0
14020.0,6,174.0
14025.0,4,100.0
14030.0,4,91.0
14035.0,2,63.0
14040.0,6,55.0
14045.0,6,63.0
14050.0,5,53.0
14055.0,3,35.0
14060.0,2,28.0
14065.0,7,51.0
14070.0,9,76.0
14075.0,7,76.0
14080.0,3,62.0
14085.0,1,44.0
14090.0,1,25.0
14095.0,6,49.0
14100.0,8,68.0
14105.0,5,50.0
14110.0,1,38.0
14115.0,2,31.0
14120.0,9,62.0
14125.0,9,89.0
14130.0,7,88.0
14135.0,2,63.0
14140.0,2,50.0
14145.0,2,32.0
14150.0,7,54.0
14155.0,8,72.0
14160.0,3,55.0
14165.0,2,64.0
14170.0,7,90.0
14175.0,7,102.0
14180.0,5,83.0
14185.0,3,53.0
14190.0,2,64.0
14195.0,7,90.0
14200.0,7,109.0
14205.0,4,91.0
14210.0,7,112.0
14215.0,9,146.0
14220.0,10,159.0
14225.0,9,134.0
14230.0,5,147.0
14235.0,10,181.0
14240.0,15,246.0
14245.0,15,274.0
14250.0,13,254.0
14255.0,11,309.0
14260.0,11,364.0
14265.0,8,357.0
14270.0,5,290.0
14275.0,7,196.0
14280.0,4,148.0
14285.0,1,118.0
14290.0,7,139.0
14295.0,6,135.0
14300.0,5,101.0
14305.0,2,87.0
14310.0,8,110.0
14315.0,5,110.0
14320.0,3,76.0
14325.0,1,40.0
14330.0,2,28.0
14335.0,1,12.0
14340.0,6,30.0
14345.0,6,46.0
14350.0,2,35.0
14355.0,2,37.0
14360.0,9,65.0
14365.0,9,86.0
14370.0,6,81.0
14375.0,3,85.0
14380.0,10,118.0
14385.0,13,174.0
14390.0,16,213.0
14395.0,12,181.0
14400.0,11,184.0
14405.0,6,172.0
14410.0,2,156.0
14415.0,7,181.0
14420.0,8,189.0
14425.0,6,152.0
14430.0,5,114.0
14435.0,2,76.0
14440.0,0,38.0
14445.0,6,53.0
14450.0,6,60.0
14455.0,5,54.0
14460.0,1,34.0
14465.0,3,29.0
14470.0,1,14.0
14475.0,6,28.0
14480.0,6,47.0
14485.0,3,40.0
14490.0,3,32.0
14495.0,3,31.0
14500.0,7,54.0
14505.0,8,75.0
14510.0,5,72.0
14515.0,3,50.0
14520.0,3,47.0
14525.0,8,73.0
14530.0,8,89.0
14535.0,6,77.0
14540.0,2,51.0
14545.0,1,34.0
14550.0,2,23.0
14555.0,6,45.0
14560.0,13,96.0
14565.0,12,129.0
14570.0,11,134.0
14575.0,5,146.0
14580.0,8,168.0
14585.0,9,181.0
14590.0,6,149.0
14595.0,4,158.0
14600.0,8,188.0
14605.0,7,190.0
14610.0,3,139.0
14615.0,1,65.0
14620.0,2,68.0
14625.0,7,95.0
14630.0,9,107.0
14635.0,7,86.0
14640.0,8,86.0
14645.0,2,86.0
14650.0,8,88.0
14655.0,11,113.0
14660.0,8,115.0
14665.0,5,120.0
14670.0,9,143.0
14675.0,11,159.0
14680.0,8,146.0
14685.0,6,115.0
14690.0,2,104.0
14695.0,7,103.0
14700.0,8,111.0
14705.0,3,69.0
14710.0,1,32.0
14715.0,2,12.0
14720.0,1,10.0
14725.0,7,32.0
14730.0,7,52.0
14735.0,3,46.0
14740.0,3,54.0
14745.0,10,94.0
14750.0,11,121.0
14755.0,11,122.0
14760.0,6,137.0
14765.0,8,170.0
14770.0,10,183.0
14775.0,8,166.0
14780.0,7,186.0
14785.0,9,212.0
14790.0,9,216.0
14795.0,6,176.0
14800.0,6,118.0
14805.0,4,130.0
14810.0,8,151.0
14815.0,9,157.0
14820.0,8,132.0
14825.0,6,104.0
14830.0,1,97.0
14835.0,7,100.0
14840.0,8,117.0
14845.0,7,101.0
14850.0,5,69.0
14855.0,2,63.0
14860.0,8,85.0
14865.0,10,100.0
14870.0,8,94.0
14875.0,7,82.0
14880.0,1,76.0
14885.0,7,76.0
14890.0,13,126.0
14895.0,14,158.0
14900.0,11,152.0
14905.0,5,171.0
14910.0,9,203.0
14915.0,9,211.0
14920.0,7,174.0
14925.0,4,172.0
14930.0,8,201.0
14935.0,9,202.0
14940.0,7,158.0
14945.0,6,104.0
14950.0,3,78.0
14955.0,1,48.0
14960.0,6,58.0
14965.0,14,113.0
14970.0,14,150.0
14975.0,8,142.0
14980.0,8,112.0
14985.0,3,92.0
14990.0,2,78.0
14995.0,7,98.0
15000.0,8,109.0
15005.0,5,87.0
15010.0,2,49.0
15015.0,2,39.0
15020.0,7,65.0
15025.0,14,121.0
15030.0,12,152.0
15035.0,4,125.0
15040.0,2,67.0
15045.0,2,52.0
15050.0,8,80.0
15055.0,9,93.0
15060.0,5,63.0
15065.0,1,37.0
15070.0,2,39.0
15075.0,7,63.0
15080.0,6,77.0
15085.0,3,49.0
15090.0,2,28.0
15095.0,2,23.0
15100.0,1,6.0
15105.0,8,31.0
15110.0,10,78.0
15115.0,13,138.0
15120.0,14,208.0
15125.0,19,293.0
15130.0,23,402.0
15135.0,26,523.0
15140.0,28,656.0
15145.0,31,803.0
15150.0,35,972.0
15155.0,38,1157.0
15160.0,33,1218.0
15165.0,25,1130.0
15170.0,14,1096.0
15175.0,10,1151.0
15180.0,7,1067.0
15185.0,5,869.0
15190.0,4,877.0
15195.0,9,910.0
15200.0,10,844.0
15205.0,7,669.0
15210.0,5,420.0
15215.0,3,258.0
15220.0,1,208.0
15225.0,7,222.0
15230.0,7,179.0
15235.0,4,55.0
15240.0,3,35.0
15245.0,4,40.0
15250.0,1,24.0
15255.0,6,25.0
15260.0,8,48.0
15265.0,6,55.0
15270.0,1,49.0
15275.0,7,71.0
15280.0,7,87.0
15285.0,7,84.0
15290.0,6,71.0
15295.0,1,60.0
15300.0,7,73.0
15305.0,7,87.0
15310.0,5,76.0
15315.0,2,47.0
15320.0,5,49.0
15325.0,1,31.0
15330.0,6,28.0
15335.0,12,76.0
15340.0,12,114.0
15345.0,7,116.0
15350.0,2,120.0
15355.0,8,145.0
15360.0,14,199.0
15365.0,20,287.0
15370.0,22,394.0
15375.0,25,511.0
15380.0,28,646.0
15385.0,32,798.0
15390.0,36,969.0
15395.0,32,1039.0
15400.0,23,970.0
15405.0,14,776.0
15410.0,6,651.0
15415.0,1,563.0
15420.0,7,584.0
15425.0,7,536.0
15430.0,5,406.0
15435.0,6,235.0
15440.0,2,230.0
15445.0,8,248.0
15450.0,8,219.0
15455.0,6,121.0
15460.0,3,53.0
15465.0,2,39.0
15470.0,7,61.0
15475.0,13,110.0
15480.0,13,144.0
15485.0,9,142.0
15490.0,6,158.0
15495.0,7,188.0
15500.0,8,195.0
15505.0,5,138.0
15510.0,2,92.0
15515.0,2,54.0
15520.0,1,31.0
15525.0,7,50.0
15530.0,6,62.0
15535.0,3,45.0
15540.0,1,39.0
15545.0,7,61.0
15550.0,7,79.0
15555.0,7,77.0
15560.0,6,66.0
15565.0,1,55.0
15570.0,6,61.0
15575.0,8,79.0
15580.0,5,78.0
15585.0,6,92.0
15590.0,10,121.0
15595.0,10,138.0
15600.0,6,108.0
15605.0,8,127.0
15610.0,6,162.0
15615.0,13,217.0
15620.0,14,246.0
15625.0,12,232.0
15630.0,10,188.0
15635.0,8,167.0
15640.0,2,141.0
15645.0,7,161.0
15650.0,9,169.0
15655.0,7,140.0
15660.0,5,103.0
15665.0,1,94.0
15670.0,7,97.0
15675.0,7,105.0
15680.0,8,74.0
15685.0,6,57.0
15690.0,5,60.0
15695.0,2,49.0
15700.0,7,47.0
15705.0,12,97.0
15710.0,14,138.0
15715.0,10,139.0
15720.0,5,111.0
15725.0,2,99.0
15730.0,8,129.0
15735.0,8,140.0
15740.0,6,107.0
15745.0,6,138.0
15750.0,10,181.0
15755.0,10,187.0
15760.0,11,157.0
15765.0,4,162.0
15770.0,8,194.0
15775.0,8,193.0
15780.0,4,150.0
15785.0,3,91.0
15790.0,2,72.0
15795.0,1,38.0
15800.0,7,58.0
15805.0,7,72.0
15810.0,3,52.0
15815.0,0,28.0
15820.0,0,11.0
15825.0,1,11.0
15830.0,8,34.0
15835.0,7,53.0
15840.0,1,39.0
15845.0,2,36.0
15850.0,8,65.0
15855.0,16,127.0
15860.0,17,177.0
15865.0,12,180.0
15870.0,12,170.0
15875.0,9,158.0
15880.0,0,135.0
15885.0,6,134.0
15890.0,4,133.0
15895.0,3,96.0
15900.0,2,93.0
15905.0,9,121.0
15910.0,9,132.0
15915.0,6,113.0
15920.0,6,80.0
15925.0,2,72.0
15930.0,8,86.0
15935.0,13,143.0
15940.0,17,183.0
15945.0,10,180.0
15950.0,7,146.0
15955.0,1,145.0
15960.0,7,164.0
15965.0,8,170.0
15970.0,5,139.0
15975.0,4,79.0
15980.0,3,49.0
15985.0,2,33.0
15990.0,7,48.0
15995.0,7,68.0
16000.0,5,67.0
16005.0,2,70.0
16010.0,8,101.0
16015.0,7,115.0
16020.0,4,88.0
16025.0,0,41.0
16030.0,2,17.0
16035.0,2,19.0
16040.0,7,42.0
16045.0,7,61.0
16050.0,5,53.0
16055.0,2,35.0
16060.0,2,27.0
16065.0,7,52.0
16070.0,10,82.0
16075.0,6,81.0
16080.0,1,71.0
16085.0,7,95.0
16090.0,9,111.0
16095.0,6,93.0
16100.0,4,100.0
16105.0,9,135.0
16110.0,16,202.0
16115.0,23,306.0
16120.0,27,433.0
16125.0,28,570.0
16130.0,29,712.0
16135.0,26,767.0
16140.0,20,710.0
16145.0,16,582.0
16150.0,7,479.0
16155.0,2,440.0
16160.0,7,464.0
16165.0,8,430.0
16170.0,4,309.0
16175.0,3,151.0
16180.0,2,153.0
16185.0,7,174.0
16190.0,6,149.0
16195.0,3,82.0
16200.0,4,46.0
16205.0,3,47.0
16210.0,8,67.0
16215.0,8,83.0
16220.0,6,73.0
16225.0,6,63.0
16230.0,2,59.0
16235.0,7,80.0
16240.0,8,98.0
16245.0,7,85.0
16250.0,5,69.0
16255.0,4,71.0
16260.0,7,88.0
16265.0,9,105.0
16270.0,4,75.0
16275.0,3,50.0
16280.0,2,38.0
16285.0,2,35.0
16290.0,8,57.0
16295.0,8,78.0
16300.0,5,72.0
16305.0,5,63.0
16310.0,2,55.0
16315.0,7,70.0
16320.0,7,89.0
16325.0,8,79.0
16330.0,5,82.0
16335.0,2,79.0
16340.0,7,90.0
16345.0,7,103.0
16350.0,4,86.0
16355.0,3,94.0
16360.0,11,127.0
16365.0,8,137.0
16370.0,6,110.0
16375.0,8,78.0
16380.0,8,81.0
16385.0,1,66.0
16390.0,6,75.0
16395.0,6,90.0
16400.0,4,75.0
16405.0,2,48.0
16410.0,1,35.0
16415.0,1,19.0
16420.0,7,41.0
16425.0,14,93.0
16430.0,11,128.0
16435.0,8,123.0
16440.0,4,130.0
16445.0,10,161.0
16450.0,10,174.0
16455.0,7,143.0
16460.0,2,137.0
16465.0,8,169.0
16470.0,16,234.0
16475.0,13,254.0
16480.0,12,211.0
16485.0,3,218.0
16490.0,7,243.0
16495.0,8,232.0
16500.0,5,168.0
16505.0,4,83.0
16510.0,2,90.0
16515.0,9,119.0
16520.0,8,127.0
16525.0,4,103.0
16530.0,6,69.0
16535.0,2,80.0
16540.0,7,97.0
16545.0,7,106.0
16550.0,7,80.0
16555.0,5,66.0
16560.0,2,50.0
16565.0,8,68.0
16570.0,7,82.0
16575.0,6,73.0
16580.0,4,87.0
16585.0,9,126.0
16590.0,9,142.0
16595.0,6,125.0
16600.0,6,139.0
16605.0,8,170.0
16610.0,8,173.0
16615.0,5,141.0
16620.0,5,168.0
16625.0,10,214.0
16630.0,10,220.0
16635.0,9,183.0
16640.0,9,152.0
16645.0,6,136.0
16650.0,0,104.0
16655.0,5,93.0
16660.0,7,102.0
16665.0,3,70.0
16670.0,2,51.0
16675.0,2,32.0
16680.0,2,9.0
16685.0,7,28.0
16690.0,6,45.0
16695.0,5,46.0
16700.0,2,54.0
16705.0,9,85.0
16710.0,8,105.0
16715.0,5,89.0
16720.0,6,66.0
16725.0,2,45.0
16730.0,1,27.0
16735.0,7,51.0
16740.0,8,72.0
16745.0,4,66.0
16750.0,3,52.0
16755.0,1,49.0
16760.0,8,69.0
16765.0,7,84.0
16770.0,3,68.0
16775.0,3,60.0
16780.0,9,93.0
16785.0,9,106.0
16790.0,4,79.0
16795.0,2,75.0
16800.0,8,95.0
16805.0,13,150.0
16810.0,14,180.0
16815.0,9,162.0
16820.0,4,114.0
16825.0,1,105.0
16830.0,8,119.0
16835.0,7,125.0
16840.0,5,96.0
16845.0,3,45.0
16850.0,2,39.0
16855.0,9,64.0
16860.0,8,85.0
16865.0,7,81.0
16870.0,3,71.0
16875.0,6,93.0
16880.0,7,95.0
16885.0,4,73.0
16890.0,2,66.0
16895.0,8,92.0
16900.0,9,103.0
16905.0,6,74.0
16910.0,5,65.0
16915.0,2,56.0
16920.0,1,41.0
16925.0,6,57.0
16930.0,6,70.0
16935.0,4,49.0
16940.0,3,35.0
16945.0,2,33.0
16950.0,7,50.0
16955.0,6,63.0
16960.0,4,51.0
16965.0,0,37.0
16970.0,0,17.0
16975.0,1,12.0
16980.0,6,29.0
16985.0,6,48.0
16990.0,3,46.0
16995.0,4,54.0
17000.0,10,88.0
17005.0,10,112.0
17010.0,8,108.0
17015.0,7,89.0
17020.0,6,85.0
17025.0,0,66.0
17030.0,6,77.0
17035.0,7,90.0
17040.0,3,62.0
17045.0,1,60.0
17050.0,7,85.0
17055.0,6,94.0
17060.0,7,70.0
17065.0,6,64.0
17070.0,1,65.0
17075.0,8,76.0
17080.0,9,102.0
17085.0,9,104.0
17090.0,10,103.0
17095.0,2,96.0
17100.0,7,99.0
17105.0,9,117.0
17110.0,7,106.0
17115.0,4,84.0
17120.0,2,67.0
17125.0,7,82.0
17130.0,9,100.0
17135.0,6,85.0
17140.0,3,64.0
17145.0,0,48.0
17150.0,0,42.0
17155.0,7,65.0
17160.0,7,84.0
17165.0,3,67.0
17170.0,2,69.0
17175.0,7,96.0
17180.0,7,107.0
17185.0,8,90.0
17190.0,4,73.0
17195.0,2,67.0
17200.0,7,75.0
17205.0,8,94.0
17210.0,7,87.0
17215.0,4,57.0
17220.0,3,50.0
17225.0,2,29.0
17230.0,7,47.0
17235.0,7,63.0
17240.0,3,52.0
17245.0,1,28.0
17250.0,2,30.0
17255.0,7,58.0
17260.0,15,117.0
17265.0,14,161.0
17270.0,11,161.0
17275.0,8,188.0
17280.0,7,220.0
17285.0,7,221.0
17290.0,5,177.0
17295.0,3,109.0
17300.0,4,76.0
17305.0,3,63.0
17310.0,8,76.0
17315.0,7,84.0
17320.0,5,50.0
17325.0,4,45.0
17330.0,2,42.0
17335.0,6,47.0
17340.0,7,61.0
17345.0,3,50.0
17350.0,4,48.0
17355.0,7,78.0
17360.0,7,92.0
17365.0,3,54.0
17370.0,1,49.0
17375.0,6,73.0
17380.0,7,82.0
17385.0,5,65.0
17390.0,1,35.0
17395.0,3,28.0
17400.0,9,61.0
17405.0,15,124.0
17410.0,17,207.0
17415.0,19,298.0
17420.0,23,408.0
17425.0,25,527.0
17430.0,28,659.0
17435.0,31,809.0
17440.0,29,871.0
17445.0,23,818.0
17450.0,16,656.0
17455.0,7,691.0
17460.0,6,718.0
17465.0,6,663.0
17470.0,4,513.0
17475.0,1,309.0
17480.0,0,201.0
17485.0,0,153.0
17490.0,5,172.0
17495.0,7,151.0
17500.0,4,56.0
17505.0,4,40.0
17510.0,2,35.0
17515.0,8,53.0
17520.0,10,76.0
17525.0,8,79.0
17530.0,6,75.0
17535.0,1,71.0
17540.0,7,81.0
17545.0,7,96.0
17550.0,4,71.0
17555.0,4,53.0
17560.0,2,50.0
17565.0,8,74.0
17570.0,8,90.0
17575.0,7,79.0
17580.0,4,63.0
17585.0,1,47.0
17590.0,2,40.0
17595.0,6,59.0
17600.0,6,78.0
17605.0,5,66.0
17610.0,5,46.0
17615.0,2,44.0
17620.0,8,73.0
17625.0,8,96.0
17630.0,6,91.0
17635.0,6,73.0
17640.0,1,70.0
17645.0,8,97.0
17650.0,8,119.0
17655.0,4,100.0
17660.0,1,59.0
17665.0,2,36.0
17670.0,2,22.0
17675.0,8,48.0
17680.0,8,69.0
17685.0,6,63.0
17690.0,1,66.0
17695.0,7,80.0
17700.0,8,95.0
17705.0,4,79.0
17710.0,1,44.0
17715.0,1,25.0
17720.0,2,13.0
17725.0,8,41.0
17730.0,8,64.0
17735.0,1,47.0
17740.0,2,53.0
17745.0,8,82.0
17750.0,14,140.0
17755.0,14,175.0
17760.0,8,158.0
17765.0,5,170.0
17770.0,8,206.0
17775.0,8,209.0
17780.0,6,153.0
17785.0,8,118.0
17790.0,2,125.0
17795.0,7,136.0
17800.0,7,135.0
17805.0,3,97.0
17810.0,2,53.0
17815.0,0,25.0
17820.0,2,29.0
17825.0,8,59.0
17830.0,8,76.0
17835.0,4,64.0
17840.0,4,44.0
17845.0,1,43.0
17850.0,7,55.0
17855.0,9,76.0
17860.0,3,64.0
17865.0,3,60.0
17870.0,7,88.0
17875.0,9,102.0
17880.0,5,68.0
17885.0,0,34.0
17890.0,0,14.0
17895.0,1,9.0
17900.0,6,29.0
17905.0,7,51.0
17910.0,3,42.0
17915.0,3,27.0
17920.0,3,28.0
17925.0,1,14.0
17930.0,6,22.0
17935.0,6,44.0
17940.0,3,40.0
17945.0,2,46.0
17950.0,9,76.0
17955.0,10,103.0
17960.0,7,94.0
17965.0,2,55.0
17970.0,3,47.0
17975.0,8,76.0
17980.0,9,99.0
17985.0,4,67.0
17990.0,0,35.0
17995.0,1,15.0
18000.0,1,10.0
18005.0,5,26.0
18010.0,11,70.0
18015.0,16,142.0
18020.0,19,233.0
18025.0,22,340.0
18030.0,19,393.0
18035.0,13,364.0
18040.0,8,276.0
18045.0,5,196.0
18050.0,0,162.0
18055.0,6,170.0
18060.0,7,158.0
18065.0,5,84.0
18070.0,2,86.0
18075.0,8,112.0
18080.0,8,115.0
18085.0,5,75.0
18090.0,4,54.0
18095.0,3,51.0
18100.0,8,76.0
18105.0,8,94.0
18110.0,6,74.0
18115.0,4,51.0
18120.0,1,52.0
18125.0,7,77.0
18130.0,7,93.0
18135.0,7,86.0
18140.0,5,98.0
18145.0,10,134.0
18150.0,8,146.0
18155.0,5,121.0
18160.0,3,76.0
18165.0,4,63.0
18170.0,1,51.0
18175.0,6,61.0
18180.0,7,78.0
18185.0,4,67.0
18190.0,4,84.0
18195.0,9,120.0
18200.0,9,140.0
18205.0,6,116.0
18210.0,3,74.0
18215.0,2,70.0
18220.0,9,97.0
18225.0,8,109.0
18230.0,5,88.0
18235.0,4,64.0
18240.0,3,48.0
18245.0,3,49.0
18250.0,1,22.0
18255.0,7,31.0
18260.0,6,50.0
18265.0,2,40.0
18270.0,3,20.0
18275.0,2,19.0
18280.0,7,37.0
18285.0,9,61.0
18290.0,7,60.0
18295.0,2,63.0
18300.0,6,83.0
18305.0,8,97.0
18310.0,5,81.0
18315.0,1,71.0
18320.0,7,91.0
18325.0,7,97.0
18330.0,6,83.0
18335.0,4,100.0
18340.0,9,120.0
18345.0,9,133.0
18350.0,7,102.0
18355.0,8,90.0
18360.0,5,100.0
18365.0,8,111.0
18370.0,10,124.0
18375.0,9,125.0
18380.0,4,143.0
18385.0,7,156.0
18390.0,9,163.0
18395.0,8,134.0
18400.0,3,138.0
18405.0,7,158.0
18410.0,13,210.0
18415.0,15,239.0
18420.0,15,228.0
18425.0,13,282.0
18430.0,15,342.0
18435.0,10,346.0
18440.0,6,280.0
18445.0,5,192.0
18450.0,3,148.0
18455.0,1,131.0
18460.0,7,150.0
18465.0,7,154.0
18470.0,4,114.0
18475.0,3,124.0
18480.0,8,150.0
18485.0,7,144.0
18490.0,6,105.0
18495.0,7,69.0
18500.0,5,66.0
18505.0,0,49.0
18510.0,7,53.0
18515.0,7,69.0
18520.0,3,61.0
18525.0,2,64.0
18530.0,8,95.0
18535.0,9,114.0
18540.0,8,107.0
18545.0,6,86.0
18550.0,2,78.0
18555.0,7,87.0
18560.0,6,95.0
18565.0,4,73.0
18570.0,3,38.0
18575.0,4,35.0
18580.0,1,21.0
18585.0,6,24.0
18590.0,9,65.0
18595.0,11,116.0
18600.0,5,123.0
18605.0,1,68.0
18610.0,3,70.0
18615.0,9,103.0
18620.0,12,158.0
18625.0,7,149.0
18630.0,2,78.0
18635.0,0,53.0
18640.0,6,72.0
18645.0,7,77.0
18650.0,3,54.0
18655.0,1,47.0
18660.0,7,69.0
18665.0,8,90.0
18670.0,5,66.0
18675.0,5,50.0
18680.0,0,38.0
18685.0,7,57.0
18690.0,7,71.0
18695.0,4,63.0
18700.0,3,43.0
18705.0,2,26.0
18710.0,9,57.0
18715.0,8,78.0
18720.0,5,73.0
18725.0,2,56.0
18730.0,8,82.0
18735.0,7,95.0
18740.0,4,62.0
18745.0,2,40.0
18750.0,0,29.0
18755.0,6,44.0
18760.0,8,63.0
18765.0,4,56.0
18770.0,4,71.0
18775.0,9,104.0
18780.0,15,164.0
18785.0,15,203.0
18790.0,11,196.0
18795.0,9,162.0
18800.0,6,199.0
18805.0,8,230.0
18810.0,7,230.0
18815.0,3,178.0
18820.0,5,184.0
18825.0,8,216.0
18830.0,7,216.0
18835.0,5,171.0
18840.0,5,106.0
18845.0,4,73.0
18850.0,0,42.0
18855.0,6,64.0
18860.0,7,76.0
18865.0,7,70.0
18870.0,3,62.0
18875.0,3,54.0
18880.0,1,24.0
18885.0,5,24.0
18890.0,13,73.0
18895.0,12,109.0
18900.0,8,114.0
18905.0,4,121.0
18910.0,7,144.0
18915.0,6,147.0
18920.0,3,112.0
18925.0,4,117.0
18930.0,8,148.0
18935.0,9,154.0
18940.0,7,118.0
18945.0,6,143.0
18950.0,9,177.0
18955.0,10,180.0
18960.0,10,154.0
18965.0,3,179.0
18970.0,9,196.0
18975.0,10,196.0
18980.0,7,152.0
18985.0,5,84.0
18990.0,2,76.0
18995.0,6,100.0
19000.0,7,103.0
19005.0,4,77.0
19010.0,4,87.0
19015.0,9,122.0
19020.0,15,186.0
19025.0,23,283.0
19030.0,28,416.0
19035.0,27,492.0
19040.0,21,490.0
19045.0,16,428.0
19050.0,8,395.0
19055.0,0,349.0
19060.0,6,351.0
19065.0,7,336.0
19070.0,3,258.0
19075.0,1,236.0
19080.0,8,263.0
19085.0,8,246.0
19090.0,4,165.0
19095.0,2,157.0
19100.0,8,190.0
19105.0,7,174.0
19110.0,5,98.0
19115.0,6,112.0
19120.0,6,145.0
19125.0,8,150.0
19130.0,3,123.0
19135.0,4,82.0
19140.0,1,67.0
19145.0,2,65.0
19150.0,7,87.0
19155.0,8,101.0
19160.0,6,85.0
19165.0,3,102.0
19170.0,8,132.0
19175.0,8,141.0
19180.0,9,130.0
19185.0,4,138.0
19190.0,9,162.0
19195.0,10,172.0
19200.0,6,139.0
19205.0,4,84.0
19210.0,5,60.0
19215.0,2,50.0
19220.0,7,68.0
19225.0,6,79.0
19230.0,3,64.0
19235.0,3,59.0
19240.0,7,87.0
19245.0,8,100.0
19250.0,5,85.0
19255.0,4,60.0
19260.0,2,63.0
19265.0,8,87.0
19270.0,9,105.0
19275.0,6,90.0
19280.0,4,58.0
19285.0,3,48.0
19290.0,1,26.0
19295.0,7,42.0
19300.0,7,62.0
19305.0,4,55.0
19310.0,1,32.0
19315.0,1,16.0
19320.0,1,11.0
19325.0,7,33.0
19330.0,7,51.0
19335.0,5,46.0
19340.0,2,36.0
19345.0,2,25.0
19350.0,8,49.0
19355.0,8,71.0
19360.0,4,64.0
19365.0,2,36.0
19370.0,2,26.0
19375.0,8,53.0
19380.0,14,112.0
19385.0,13,150.0
19390.0,7,135.0
19395.0,4,98.0
19400.0,3,59.0
19405.0,2,42.0
19410.0,6,51.0
19415.0,7,60.0
19420.0,5,47.0
19425.0,2,37.0
19430.0,0,21.0
19435.0,7,46.0
19440.0,8,70.0
19445.0,5,56.0
19450.0,2,43.0
19455.0,2,40.0
19460.0,8,66.0
19465.0,8,86.0
19470.0,7,79.0
19475.0,4,97.0
19480.0,9,125.0
19485.0,13,145.0
19490.0,10,143.0
19495.0,9,168.0
19500.0,12,200.0
19505.0,11,213.0
19510.0,6,184.0
19515.0,7,144.0
19520.0,7,112.0
19525.0,2,101.0
19530.0,8,99.0
19535.0,9,116.0
19540.0,6,103.0
19545.0,5,117.0
19550.0,8,153.0
19555.0,9,161.0
19560.0,5,103.0
19565.0,3,77.0
19570.0,2,85.0
19575.0,8,116.0
19580.0,8,125.0
19585.0,5,94.0
19590.0,2,56.0
19595.0,2,53.0
19600.0,8,78.0
19605.0,6,89.0
19610.0,3,61.0
19615.0,3,62.0
19620.0,8,88.0
19625.0,8,103.0
19630.0,5,83.0
19635.0,1,51.0
19640.0,2,31.0
19645.0,1,23.0
19650.0,6,44.0
19655.0,7,64.0
19660.0,5,54.0
19665.0,2,35.0
19670.0,3,37.0
19675.0,8,61.0
19680.0,9,80.0
19685.0,6,77.0
19690.0,5,62.0
19695.0,3,49.0
19700.0,1,29.0
19705.0,7,45.0
19710.0,8,65.0
19715.0,6,59.0
19720.0,4,78.0
19725.0,9,114.0
19730.0,11,134.0
19735.0,8,113.0
19740.0,3,126.0
19745.0,8,153.0
19750.0,7,157.0
19755.0,6,122.0
19760.0,4,68.0
19765.0,5,51.0
19770.0,2,38.0
19775.0,6,45.0
19780.0,12,91.0
19785.0,12,126.0
19790.0,5,113.0
19795.0,1,108.0
19800.0,9,136.0
19805.0,9,150.0
19810.0,6,123.0
19815.0,2,64.0
19820.0,3,51.0
19825.0,1,23.0
19830.0,6,35.0
19835.0,5,48.0
19840.0,4,40.0
19845.0,2,26.0
19850.0,0,15.0
19855.0,6,37.0
19860.0,6,57.0
19865.0,3,39.0
19870.0,0,23.0
19875.0,2,15.0
19880.0,0,6.0
19885.0,6,25.0
19890.0,5,39.0
19895.0,0,20.0
19900.0,1,18.0
19905.0,7,42.0
19910.0,14,98.0
19915.0,18,181.0
19920.0,23,285.0
19925.0,20,347.0
19930.0,12,325.0
19935.0,10,374.0
19940.0,10,429.0
19945.0,10,422.0
19950.0,6,320.0
19955.0,4,228.0
19960.0,3,237.0
19965.0,9,268.0
19970.0,8,257.0
19975.0,7,187.0
19980.0,8,196.0
19985.0,8,228.0
19990.0,9,216.0
19995.0,6,159.0
20000.0,2,94.0
20005.0,1,52.0
20010.0,1,35.0
20015.0,7,58.0
20020.0,8,75.0
20025.0,4,62.0
20030.0,3,67.0
20035.0,8,92.0
20040.0,9,109.0
20045.0,6,93.0
20050.0,0,50.0
20055.0,2,53.0
20060.0,7,76.0
20065.0,8,87.0
20070.0,4,63.0
20075.0,4,54.0
20080.0,3,50.0
20085.0,1,26.0
20090.0,7,41.0
20095.0,7,61.0
20100.0,4,50.0
20105.0,3,34.0
20110.0,5,45.0
20115.0,1,34.0
20120.0,6,26.0
20125.0,5,45.0
20130.0,5,44.0
20135.0,3,48.0
20140.0,9,69.0
20145.0,14,129.0
20150.0,14,175.0
20155.0,7,162.0
20160.0,1,104.0
20165.0,2,99.0
20170.0,8,124.0
20175.0,8,131.0
20180.0,4,82.0
20185.0,2,43.0
20190.0,2,32.0
20195.0,2,14.0
20200.0,8,43.0
20205.0,14,103.0
20210.0,16,151.0
20215.0,15,166.0
20220.0,11,164.0
20225.0,3,168.0
20230.0,7,165.0
20235.0,7,171.0
20240.0,4,137.0
20245.0,3,78.0
20250.0,3,50.0
20255.0,2,33.0
20260.0,7,48.0
20265.0,7,64.0
20270.0,3,55.0
20275.0,2,36.0
20280.0,3,31.0
20285.0,2,22.0
20290.0,7,42.0
20295.0,8,64.0
20300.0,4,59.0
20305.0,2,34.0
20310.0,2,28.0
20315.0,0,5.0
20320.0,6,23.0
20325.0,12,68.0
20330.0,18,149.0
20335.0,22,254.0
20340.0,25,376.0
20345.0,27,506.0
20350.0,30,648.0
20355.0,36,816.0
20360.0,32,903.0
20365.0,22,831.0
20370.0,15,919.0
20375.0,13,987.0
20380.0,13,1047.0
20385.0,14,1021.0
20390.0,12,882.0
20395.0,10,649.0
20400.0,8,445.0
20405.0,0,437.0
20410.0,5,436.0
20415.0,5,384.0
20420.0,3,263.0
20425.0,2,270.0
20430.0,8,301.0
20435.0,9,267.0
20440.0,7,153.0
20445.0,1,68.0
20450.0,2,46.0
20455.0,0,20.0
20460.0,7,41.0
20465.0,8,59.0
20470.0,6,53.0
20475.0,3,45.0
20480.0,3,44.0
20485.0,2,22.0
20490.0,8,39.0
20495.0,9,66.0
20500.0,3,54.0
20505.0,3,32.0
20510.0,2,23.0
20515.0,8,42.0
20520.0,8,62.0
20525.0,4,64.0
20530.0,2,47.0
20535.0,3,33.0
20540.0,7,58.0
20545.0,8,78.0
20550.0,5,60.0
20555.0,2,54.0
20560.0,7,78.0
20565.0,7,89.0
20570.0,4,71.0
20575.0,4,47.0
20580.0,2,49.0
20585.0,8,54.0
20590.0,9,77.0
20595.0,4,59.0
20600.0,3,47.0
20605.0,0,21.0
20610.0,5,28.0
20615.0,5,39.0
20620.0,0,24.0
20625.0,4,33.0
20630.0,8,66.0
20635.0,14,126.0
20640.0,18,210.0
20645.0,22,315.0
20650.0,25,438.0
20655.0,21,487.0
20660.0,16,449.0
20665.0,12,355.0
20670.0,7,279.0
20675.0,1,246.0
20680.0,7,244.0
20685.0,14,299.0
20690.0,13,303.0
20695.0,9,241.0
20700.0,2,257.0
20705.0,8,286.0
20710.0,9,263.0
20715.0,4,184.0
20720.0,4,94.0
20725.0,0,50.0
20730.0,0,30.0
20735.0,6,48.0
20740.0,6,64.0
20745.0,2,48.0
20750.0,1,18.0
20755.0,2,18.0
20760.0,8,44.0
20765.0,6,63.0
20770.0,2,41.0
20775.0,3,23.0
20780.0,1,17.0
20785.0,6,26.0
20790.0,13,77.0
20795.0,13,119.0
20800.0,7,113.0
20805.0,2,84.0
20810.0,2,77.0
20815.0,7,99.0
20820.0,13,154.0
20825.0,13,184.0
20830.0,6,150.0
20835.0,1,78.0
20840.0,2,69.0
20845.0,7,96.0
20850.0,8,109.0
20855.0,6,68.0
20860.0,3,53.0
20865.0,2,41.0
20870.0,3,34.0
20875.0,1,15.0
20880.0,5,26.0
20885.0,7,42.0
20890.0,3,48.0
20895.0,2,36.0
20900.0,1,16.0
20905.0,7,40.0
20910.0,8,65.0
20915.0,4,55.0
20920.0,3,43.0
20925.0,2,36.0
20930.0,7,48.0
20935.0,14,104.0
20940.0,19,192.0
20945.0,15,240.0
20950.0,11,221.0
20955.0,7,244.0
20960.0,8,275.0
20965.0,8,270.0
20970.0,5,211.0
20975.0,2,116.0
20980.0,2,50.0
20985.0,1,45.0
20990.0,7,72.0
20995.0,8,85.0
21000.0,4,63.0
21005.0,0,34.0
21010.0,0,16.0
21015.0,2,14.0
21020.0,6,34.0
21025.0,9,57.0
21030.0,4,56.0
21035.0,2,52.0
21040.0,9,83.0
21045.0,15,143.0
21050.0,12,180.0
21055.0,8,161.0
21060.0,6,109.0
21065.0,2,110.0
21070.0,7,107.0
21075.0,8,115.0
21080.0,4,81.0
21085.0,3,49.0
21090.0,1,37.0
21095.0,8,57.0
21100.0,7,77.0
21105.0,5,70.0
21110.0,1,48.0
21115.0,1,34.0
21120.0,7,56.0
21125.0,6,69.0
21130.0,1,43.0
21135.0,2,32.0
21140.0,7,55.0
21145.0,8,69.0
21150.0,4,54.0
21155.0,2,32.0
21160.0,2,21.0
21165.0,8,44.0
21170.0,8,64.0
21175.0,3,52.0
21180.0,2,26.0
21185.0,2,19.0
21190.0,8,45.0
21195.0,6,63.0
21200.0,1,38.0
21205.0,3,18.0
21210.0,3,28.0
21215.0,1,12.0
21220.0,8,24.0
21225.0,7,49.0
21230.0,1,38.0
21235.0,2,31.0
21240.0,7,56.0
21245.0,7,71.0
21250.0,4,58.0
21255.0,1,40.0
21260.0,6,60.0
21265.0,6,73.0
21270.0,4,57.0
21275.0,4,57.0
21280.0,7,82.0
21285.0,7,89.0
21290.0,5,64.0
21295.0,2,48.0
21300.0,3,36.0
21305.0,2,26.0
21310.0,6,37.0
21315.0,12,84.0
21320.0,13,125.0
21325.0,8,117.0
21330.0,4,96.0
21335.0,3,88.0
21340.0,8,114.0
21345.0,14,171.0
21350.0,13,201.0
21355.0,9,177.0
21360.0,5,115.0
21365.0,2,107.0
21370.0,8,129.0
21375.0,8,135.0
21380.0,5,105.0
21385.0,2,61.0
21390.0,2,44.0
21395.0,1,22.0
21400.0,9,48.0
21405.0,6,69.0
21410.0,2,51.0
21415.0,2,24.0
21420.0,4,28.0
21425.0,1,21.0
21430.0,7,33.0
21435.0,7,59.0
21440.0,4,52.0
21445.0,0,23.0
21450.0,0,6.0
21455.0,2,8.0
21460.0,6,27.0
21465.0,7,45.0
21470.0,1,35.0
21475.0,1,37.0
21480.0,7,61.0
21485.0,8,82.0
21490.0,5,69.0
21495.0,3,67.0
21500.0,8,95.0
21505.0,8,105.0
21510.0,8,99.0
21515.0,4,105.0
21520.0,8,132.0
21525.0,9,144.0
21530.0,7,124.0
21535.0,7,98.0
21540.0,3,100.0
21545.0,9,122.0
21550.0,10,143.0
21555.0,7,131.0
21560.0,6,98.0
21565.0,1,84.0
21570.0,7,104.0
21575.0,7,115.0
21580.0,8,97.0
21585.0,4,120.0
21590.0,9,138.0
21595.0,11,151.0
21600.0,5,118.0
21605.0,2,67.0
21610.0,2,73.0
21615.0,8,99.0
21620.0,14,157.0
21625.0,20,244.0
21630.0,28,367.0
21635.0,31,516.0
21640.0,35,684.0
21645.0,38,867.0
21650.0,32,954.0
21655.0,23,911.0
21660.0,18,784.0
21665.0,8,832.0
21670.0,7,844.0
21675.0,7,793.0
21680.0,4,656.0
21685.0,2,440.0
21690.0,2,274.0
21695.0,0,230.0
21700.0,6,246.0
21705.0,6,204.0
21710.0,2,54.0
21715.0,2,65.0
21720.0,7,86.0
21725.0,7,78.0
21730.0,8,75.0
21735.0,5,64.0
21740.0,3,69.0
21745.0,7,95.0
21750.0,6,106.0
21755.0,7,97.0
21760.0,2,66.0
21765.0,2,52.0
21770.0,2,19.0
21775.0,7,45.0
21780.0,7,63.0
21785.0,3,46.0
21790.0,3,56.0
21795.0,9,91.0
21800.0,10,119.0
21805.0,8,109.0
21810.0,6,125.0
21815.0,10,162.0
21820.0,10,172.0
21825.0,7,141.0
21830.0,6,154.0
21835.0,8,196.0
21840.0,14,252.0
21845.0,15,272.0
21850.0,13,246.0
21855.0,11,276.0
21860.0,12,326.0
21865.0,13,389.0
21870.0,14,401.0
21875.0,13,352.0
21880.0,14,275.0
21885.0,7,309.0
21890.0,8,329.0
21895.0,7,313.0
21900.0,6,244.0
21905.0,5,158.0
21910.0,5,124.0
21915.0,0,81.0
21920.0,7,78.0
21925.0,7,85.0
21930.0,4,58.0
21935.0,0,24.0
21940.0,0,9.0
21945.0,1,8.0
21950.0,7,30.0
21955.0,13,80.0
21960.0,12,119.0
21965.0,7,115.0
21970.0,3,82.0
21975.0,2,70.0
21980.0,8,92.0
21985.0,12,144.0
21990.0,19,229.0
21995.0,20,277.0
22000.0,13,257.0
22005.0,9,199.0
22010.0,4,161.0
22015.0,0,132.0
22020.0,6,145.0
22025.0,9,151.0
22030.0,6,123.0
22035.0,5,92.0
22040.0,5,84.0
22045.0,2,63.0
22050.0,7,33.0
22055.0,8,54.0
22060.0,5,43.0
22065.0,2,54.0
22070.0,7,76.0
22075.0,8,94.0
22080.0,6,77.0
22085.0,4,67.0
22090.0,2,66.0
22095.0,9,98.0
22100.0,8,120.0
22105.0,7,106.0
22110.0,4,61.0
22115.0,2,38.0
22120.0,1,25.0
22125.0,6,45.0
22130.0,7,62.0
22135.0,4,52.0
22140.0,2,58.0
22145.0,8,90.0
22150.0,8,108.0
22155.0,4,81.0
22160.0,5,60.0
22165.0,5,53.0
22170.0,2,51.0
22175.0,8,44.0
22180.0,5,58.0
22185.0,1,32.0
22190.0,1,13.0
22195.0,2,4.0
22200.0,3,19.0
22205.0,6,45.0
22210.0,10,87.0
22215.0,13,146.0
22220.0,16,217.0
22225.0,18,304.0
22230.0,22,404.0
22235.0,25,523.0
22240.0,29,658.0
22245.0,33,811.0
22250.0,32,873.0
22255.0,23,809.0
22260.0,15,645.0
22265.0,8,484.0
22270.0,2,475.0
22275.0,7,492.0
22280.0,8,459.0
22285.0,6,354.0
22290.0,2,201.0
22295.0,2,95.0
22300.0,0,53.0
22305.0,6,71.0
22310.0,8,49.0
22315.0,4,43.0
22320.0,2,34.0
22325.0,3,36.0
22330.0,3,20.0
22335.0,8,39.0
22340.0,8,59.0
22345.0,5,55.0
22350.0,1,38.0
22355.0,2,29.0
22360.0,2,19.0
22365.0,7,46.0
22370.0,8,66.0
22375.0,1,46.0
22380.0,1,23.0
22385.0,1,15.0
22390.0,7,42.0
22395.0,14,99.0
22400.0,13,139.0
22405.0,8,135.0
22410.0,3,148.0
22415.0,7,173.0
22420.0,7,178.0
22425.0,6,145.0
22430.0,2,93.0
22435.0,2,49.0
22440.0,0,19.0
22445.0,6,36.0
22450.0,11,82.0
22455.0,15,151.0
22460.0,18,236.0
22465.0,18,281.0
22470.0,15,253.0
22475.0,7,272.0
22480.0,6,291.0
22485.0,7,280.0
22490.0,4,213.0
22495.0,2,123.0
22500.0,4,80.0
22505.0,0,52.0
22510.0,7,66.0
22515.0,6,75.0
22520.0,5,52.0
22525.0,4,51.0
22530.0,1,45.0
22535.0,8,55.0
22540.0,9,83.0
22545.0,8,86.0
22550.0,5,104.0
22555.0,8,128.0
22560.0,8,136.0
22565.0,8,120.0
22570.0,9,104.0
22575.0,2,101.0
22580.0,7,102.0
22585.0,10,117.0
22590.0,6,108.0
22595.0,3,109.0
22600.0,8,133.0
22605.0,8,134.0
22610.0,8,107.0
22615.0,3,67.0
22620.0,3,58.0
22625.0,4,54.0
22630.0,1,25.0
22635.0,6,27.0
22640.0,7,45.0
22645.0,3,47.0
22650.0,2,36.0
22655.0,8,62.0
22660.0,14,120.0
22665.0,14,157.0
22670.0,8,148.0
22675.0,1,144.0
22680.0,8,167.0
22685.0,9,171.0
22690.0,4,137.0
22695.0,5,80.0
22700.0,2,79.0
22705.0,8,100.0
22710.0,7,104.0
22715.0,5,80.0
22720.0,4,59.0
22725.0,1,63.0
22730.0,8,83.0
22735.0,7,97.0
22740.0,7,87.0
22745.0,4,104.0
22750.0,9,129.0
22755.0,10,145.0
22760.0,8,126.0
22765.0,7,100.0
22770.0,3,99.0
22775.0,7,114.0
22780.0,9,128.0
22785.0,5,110.0
22790.0,6,82.0
22795.0,1,78.0
22800.0,7,97.0
22805.0,8,109.0
22810.0,6,93.0
22815.0,3,92.0
22820.0,7,116.0
22825.0,12,168.0
22830.0,12,187.0
22835.0,11,171.0
22840.0,10,140.0
22845.0,5,126.0
22850.0,1,107.0
22855.0,7,108.0
22860.0,6,117.0
22865.0,3,87.0
22870.0,1,35.0
22875.0,2,21.0
22880.0,2,10.0
22885.0,7,31.0
22890.0,13,86.0
22895.0,14,127.0
22900.0,7,131.0
22905.0,1,90.0
22910.0,1,54.0
22915.0,3,33.0
22920.0,0,8.0
22925.0,7,22.0
22930.0,11,71.0
22935.0,14,137.0
22940.0,16,215.0
22945.0,18,301.0
22950.0,21,403.0
22955.0,24,517.0
22960.0,22,564.0
22965.0,20,524.0
22970.0,14,561.0
22975.0,13,621.0
22980.0,10,585.0
22985.0,7,461.0
22990.0,5,299.0
22995.0,3,305.0
23000.0,7,328.0
23005.0,7,304.0
23010.0,4,223.0
23015.0,5,119.0
23020.0,4,61.0
23025.0,0,38.0
23030.0,6,43.0
23035.0,6,61.0
23040.0,5,57.0
23045.0,3,50.0
23050.0,8,76.0
23055.0,10,97.0
23060.0,7,94.0
23065.0,6,72.0
23070.0,3,65.0
23075.0,1,35.0
23080.0,5,48.0
23085.0,7,61.0
23090.0,3,51.0
23095.0,3,34.0
23100.0,3,27.0
23105.0,8,50.0
23110.0,10,76.0
23115.0,6,66.0
23120.0,4,47.0
23125.0,4,45.0
23130.0,2,27.0
23135.0,7,33.0
23140.0,8,57.0
23145.0,4,57.0
23150.0,2,40.0
23155.0,2,30.0
23160.0,2,32.0
23165.0,2,2.0
23170.0,7,27.0
23175.0,8,67.0
23180.0,13,120.0
23185.0,18,199.0
23190.0,23,301.0
23195.0,19,352.0
23200.0,11,287.0
23205.0,6,325.0
23210.0,8,360.0
23215.0,8,341.0
23220.0,6,265.0
23225.0,4,176.0
23230.0,3,106.0
23235.0,1,60.0
23240.0,8,78.0
23245.0,7,79.0
23250.0,5,63.0
23255.0,0,45.0
23260.0,7,61.0
23265.0,6,75.0
23270.0,6,62.0
23275.0,6,46.0
23280.0,1,40.0
23285.0,7,60.0
23290.0,8,84.0
23295.0,5,76.0
23300.0,3,55.0
23305.0,2,43.0
23310.0,1,19.0
23315.0,6,38.0
23320.0,7,57.0
23325.0,4,48.0
23330.0,2,51.0
23335.0,9,78.0
23340.0,8,97.0
23345.0,4,68.0
23350.0,2,76.0
23355.0,8,106.0
23360.0,8,116.0
23365.0,5,95.0
23370.0,4,61.0
23375.0,3,78.0
23380.0,7,101.0
23385.0,8,114.0
23390.0,8,107.0
23395.0,8,136.0
23400.0,9,169.0
23405.0,10,188.0
23410.0,9,153.0
23415.0,10,133.0
23420.0,7,125.0
23425.0,5,113.0
23430.0,1,86.0
23435.0,7,63.0
23440.0,6,74.0
23445.0,3,58.0
23450.0,2,35.0
23455.0,2,31.0
23460.0,8,60.0
23465.0,7,80.0
23470.0,8,78.0
23475.0,3,63.0
23480.0,2,50.0
23485.0,2,28.0
23490.0,6,46.0
23495.0,7,60.0
23500.0,3,36.0
23505.0,1,20.0
23510.0,2,12.0
23515.0,2,16.0
23520.0,2,3.0
23525.0,6,21.0
23530.0,11,67.0
23535.0,14,136.0
23540.0,17,218.0
23545.0,16,259.0
23550.0,9,235.0
23555.0,2,245.0
23560.0,8,272.0
23565.0,15,335.0
23570.0,17,353.0
23575.0,19,321.0
23580.0,15,394.0
23585.0,13,437.0
23590.0,10,414.0
23595.0,8,336.0
23600.0,7,258.0
23605.0,2,203.0
23610.0,1,148.0
23615.0,7,169.0
23620.0,8,168.0
23625.0,7,128.0
23630.0,3,118.0
23635.0,8,129.0
23640.0,9,132.0
23645.0,6,98.0
23650.0,5,86.0
23655.0,7,112.0
23660.0,7,120.0
23665.0,8,108.0
23670.0,4,119.0
23675.0,9,142.0
23680.0,9,150.0
23685.0,7,97.0
23690.0,6,85.0
23695.0,1,80.0
23700.0,8,97.0
23705.0,8,108.0
23710.0,5,89.0
23715.0,2,61.0
23720.0,3,53.0
23725.0,0,37.0
23730.0,5,40.0
23735.0,11,81.0
23740.0,18,156.0
23745.0,18,246.0
23750.0,12,272.0
23755.0,6,222.0
23760.0,2,125.0
23765.0,0,116.0
23770.0,6,132.0
23775.0,7,120.0
23780.0,4,44.0
23785.0,3,46.0
23790.0,8,74.0
23795.0,10,97.0
23800.0,7,93.0
23805.0,3,68.0
23810.0,2,56.0
23815.0,0,17.0
23820.0,5,33.0
23825.0,7,49.0
23830.0,1,38.0
23835.0,2,27.0
23840.0,7,51.0
23845.0,7,70.0
23850.0,4,42.0
23855.0,2,40.0
23860.0,6,59.0
23865.0,5,66.0
23870.0,3,47.0
23875.0,1,22.0
23880.0,2,17.0
23885.0,1,2.0
23890.0,6,24.0
23895.0,2,31.0
23900.0,0,7.0
23905.0,1,5.0
23910.0,2,3.0
23915.0,4,23.0
23920.0,1,25.0
23925.0,0,3.0
23930.0,0,0.0
23935.0,8,22.0
23940.0,14,78.0
23945.0,13,125.0
23950.0,9,134.0
23955.0,5,104.0
23960.0,2,101.0
23965.0,7,121.0
23970.0,8,130.0
23975.0,4,88.0
23980.0,0,46.0
23985.0,2,49.0
23990.0,8,74.0
23995.0,10,92.0
24000.0,6,85.0
24005.0,1,67.0
24010.0,6,84.0
24015.0,6,90.0
24020.0,3,60.0
24025.0,1,28.0
24030.0,2,24.0
24035.0,2,22.0
24040.0,6,44.0
24045.0,6,59.0
24050.0,3,50.0
24055.0,5,40.0
24060.0,5,50.0
24065.0,1,39.0
24070.0,8,35.0
24075.0,13,92.0
24080.0,10,126.0
24085.0,4,107.0
24090.0,0,44.0
24095.0,3,49.0
24100.0,7,77.0
24105.0,8,87.0
24110.0,5,65.0
24115.0,0,38.0
24120.0,0,18.0
24125.0,2,22.0
24130.0,7,48.0
24135.0,7,66.0
24140.0,3,50.0
24145.0,1,22.0
24150.0,4,23.0
24155.0,0,17.0
24160.0,7,22.0
24165.0,11,70.0
24170.0,10,111.0
24175.0,3,83.0
24180.0,2,44.0
24185.0,4,24.0
24190.0,1,16.0
24195.0,6,21.0
24200.0,5,38.0
24205.0,2,30.0
24210.0,5,28.0
24215.0,3,30.0
24220.0,9,38.0
24225.0,14,96.0
24230.0,19,180.0
24235.0,20,277.0
24240.0,18,327.0
24245.0,12,309.0
24250.0,8,352.0
24255.0,10,392.0
24260.0,9,380.0
24265.0,8,304.0
24270.0,7,189.0
24275.0,5,130.0
24280.0,1,107.0
24285.0,5,123.0
24290.0,5,115.0
24295.0,3,75.0
24300.0,5,89.0
24305.0,8,122.0
24310.0,15,186.0
24315.0,19,234.0
24320.0,16,235.0
24325.0,14,297.0
24330.0,14,368.0
24335.0,10,373.0
24340.0,10,329.0
24345.0,9,268.0
24350.0,9,236.0
24355.0,0,209.0
24360.0,6,194.0
24365.0,5,190.0
24370.0,3,121.0
24375.0,1,55.0
24380.0,2,24.0
24385.0,2,11.0
24390.0,7,29.0
24395.0,7,48.0
24400.0,6,58.0
24405.0,3,71.0
24410.0,10,95.0
24415.0,9,116.0
24420.0,7,107.0
24425.0,5,78.0
24430.0,2,82.0
24435.0,8,114.0
24440.0,8,129.0
24445.0,5,112.0
24450.0,3,66.0
24455.0,1,38.0
24460.0,1,32.0
24465.0,6,51.0
24470.0,6,67.0
24475.0,3,48.0
24480.0,4,61.0
24485.0,9,97.0
24490.0,10,114.0
24495.0,3,90.0
24500.0,2,42.0
24505.0,2,46.0
24510.0,8,70.0
24515.0,8,79.0
24520.0,4,60.0
24525.0,4,49.0
24530.0,5,51.0
24535.0,2,36.0
24540.0,6,27.0
24545.0,12,73.0
24550.0,9,100.0
24555.0,2,74.0
24560.0,2,31.0
24565.0,2,21.0
24570.0,7,43.0
24575.0,9,61.0
24580.0,3,61.0
24585.0,2,56.0
24590.0,8,81.0
24595.0,8,97.0
24600.0,6,84.0
24605.0,3,77.0
24610.0,6,99.0
24615.0,6,105.0
24620.0,3,80.0
24625.0,1,69.0
24630.0,6,91.0
24635.0,6,99.0
24640.0,7,80.0
24645.0,5,63.0
24650.0,6,68.0
24655.0,7,85.0
24660.0,2,67.0
24665.0,5,23.0
24670.0,5,41.0
24675.0,4,46.0
24680.0,2,30.0
24685.0,7,54.0
24690.0,6,70.0
24695.0,2,53.0
24700.0,0,23.0
24705.0,1,9.0
24710.0,1,4.0
24715.0,6,25.0
24720.0,7,46.0
24725.0,2,38.0
24730.0,2,28.0
24735.0,7,53.0
24740.0,8,66.0
24745.0,2,50.0
24750.0,3,29.0
24755.0,4,27.0
24760.0,1,21.0
24765.0,8,27.0
24770.0,7,53.0
24775.0,3,44.0
24780.0,3,32.0
24785.0,7,48.0
24790.0,8,64.0
24795.0,4,61.0
24800.0,2,59.0
24805.0,8,84.0
24810.0,8,102.0
24815.0,4,86.0
24820.0,5,54.0
24825.0,3,61.0
24830.0,8,87.0
24835.0,9,108.0
24840.0,6,86.0
24845.0,1,67.0
24850.0,1,63.0
24855.0,6,84.0
24860.0,8,95.0
24865.0,4,74.0
24870.0,3,69.0
24875.0,8,95.0
24880.0,8,105.0
24885.0,5,83.0
24890.0,4,60.0
24895.0,4,61.0
24900.0,1,34.0
24905.0,6,40.0
24910.0,8,62.0
24915.0,5,57.0
24920.0,2,39.0
24925.0,3,42.0
24930.0,4,52.0
24935.0,0,18.0
24940.0,6,18.0
24945.0,7,44.0
24950.0,2,34.0
24955.0,3,25.0
24960.0,8,54.0
24965.0,7,71.0
24970.0,2,50.0
24975.0,1,20.0
24980.0,2,13.0
24985.0,8,43.0
24990.0,15,104.0
24995.0,17,188.0
25000.0,14,227.0
25005.0,9,209.0
25010.0,5,148.0
25015.0,2,94.0
25020.0,2,65.0
25025.0,6,88.0
25030.0,7,95.0
25035.0,3,54.0
25040.0,4,45.0
25045.0,1,43.0
25050.0,8,57.0
25055.0,8,82.0
25060.0,5,70.0
25065.0,3,43.0
25070.0,1,30.0
25075.0,2,18.0
25080.0,8,44.0
25085.0,6,63.0
25090.0,4,48.0
25095.0,3,50.0
25100.0,7,76.0
25105.0,9,90.0
25110.0,5,73.0
25115.0,3,49.0
25120.0,2,56.0
25125.0,9,87.0
25130.0,9,110.0
25135.0,3,96.0
25140.0,2,96.0
25145.0,8,125.0
25150.0,9,137.0
25155.0,7,112.0
25160.0,4,76.0
25165.0,2,69.0
25170.0,7,88.0
25175.0,7,98.0
25180.0,4,72.0
25185.0,4,47.0
25190.0,2,35.0
25195.0,2,33.0
25200.0,7,58.0
25205.0,6,78.0
25210.0,5,67.0
25215.0,2,72.0
25220.0,8,99.0
25225.0,9,115.0
25230.0,8,94.0
25235.0,4,102.0
25240.0,9,125.0
25245.0,8,135.0
25250.0,8,130.0
25255.0,7,112.0
25260.0,6,116.0
25265.0,2,83.0
25270.0,6,55.0
25275.0,8,71.0
25280.0,4,59.0
25285.0,2,29.0
25290.0,5,32.0
25295.0,2,32.0
25300.0,6,38.0
25305.0,8,58.0
25310.0,2,48.0
25315.0,2,29.0
25320.0,3,20.0
25325.0,7,46.0
25330.0,8,67.0
25335.0,6,50.0
25340.0,3,45.0
25345.0,2,31.0
25350.0,7,49.0
25355.0,13,100.0
25360.0,13,135.0
25365.0,8,123.0
25370.0,4,94.0
25375.0,2,87.0
25380.0,7,106.0
25385.0,9,117.0
25390.0,6,97.0
25395.0,6,68.0
25400.0,2,62.0
25405.0,8,84.0
25410.0,9,100.0
25415.0,7,93.0
25420.0,4,71.0
25425.0,3,60.0
25430.0,8,83.0
25435.0,9,99.0
25440.0,6,83.0
25445.0,3,59.0
25450.0,4,58.0
25455.0,0,35.0
25460.0,8,45.0
25465.0,8,64.0
25470.0,5,55.0
25475.0,3,39.0
25480.0,3,38.0
25485.0,8,63.0
25490.0,8,85.0
25495.0,1,58.0
25500.0,2,52.0
25505.0,7,75.0
25510.0,7,84.0
25515.0,4,57.0
25520.0,2,30.0
25525.0,2,22.0
25530.0,7,46.0
25535.0,7,64.0
25540.0,2,53.0
25545.0,2,29.0
25550.0,3,26.0
25555.0,2,12.0
25560.0,7,28.0
25565.0,13,81.0
25570.0,15,153.0
25575.0,17,234.0
25580.0,21,332.0
25585.0,20,382.0
25590.0,13,351.0
25595.0,9,255.0
25600.0,4,265.0
25605.0,7,289.0
25610.0,8,269.0
25615.0,6,205.0
25620.0,4,121.0
25625.0,1,119.0
25630.0,7,140.0
25635.0,7,137.0
25640.0,4,97.0
25645.0,5,57.0
25650.0,2,58.0
25655.0,7,78.0
25660.0,7,86.0
25665.0,6,77.0
25670.0,3,60.0
25675.0,2,45.0
25680.0,1,18.0
25685.0,5,33.0
25690.0,7,53.0
25695.0,4,54.0
25700.0,3,47.0
25705.0,1,40.0
25710.0,7,61.0
25715.0,8,80.0
25720.0,4,71.0
25725.0,4,53.0
25730.0,2,45.0
25735.0,8,63.0
25740.0,9,84.0
25745.0,7,79.0
25750.0,4,62.0
25755.0,2,49.0
25760.0,2,20.0
25765.0,6,38.0
25770.0,7,53.0
25775.0,3,47.0
25780.0,2,31.0
25785.0,3,28.0
25790.0,1,19.0
25795.0,5,29.0
25800.0,6,46.0
25805.0,5,43.0
25810.0,3,37.0
25815.0,4,42.0
25820.0,1,25.0
25825.0,5,24.0
25830.0,5,35.0
25835.0,2,18.0
25840.0,2,15.0
25845.0,7,38.0
25850.0,9,79.0
25855.0,13,134.0
25860.0,10,153.0
25865.0,4,115.0
25870.0,4,112.0
25875.0,10,145.0
25880.0,15,211.0
25885.0,13,225.0
25890.0,9,186.0
25895.0,5,110.0
25900.0,3,114.0
25905.0,10,148.0
25910.0,8,157.0
25915.0,4,119.0
25920.0,0,51.0
25925.0,4,27.0
25930.0,3,34.0
25935.0,6,39.0
25940.0,7,57.0
25945.0,2,42.0
25950.0,4,36.0
25955.0,8,67.0
25960.0,8,88.0
25965.0,5,71.0
25970.0,3,64.0
25975.0,7,88.0
25980.0,8,103.0
25985.0,7,86.0
25990.0,5,64.0
25995.0,3,64.0
26000.0,8,74.0
26005.0,8,93.0
26010.0,5,78.0
26015.0,4,53.0
26020.0,2,41.0
26025.0,2,35.0
26030.0,1,4.0
26035.0,4,19.0
26040.0,5,34.0
26045.0,2,31.0
26050.0,1,18.0
26055.0,1,16.0
26060.0,2,3.0
26065.0,5,21.0
26070.0,11,69.0
26075.0,14,135.0
26080.0,17,214.0
26085.0,14,248.0
26090.0,4,206.0
26095.0,0,104.0
26100.0,0,34.0
26105.0,1,25.0
26110.0,7,46.0
26115.0,8,53.0
26120.0,4,49.0
26125.0,2,31.0
26130.0,3,30.0
26135.0,5,40.0
26140.0,2,23.0
26145.0,5,22.0
26150.0,9,60.0
26155.0,13,112.0
26160.0,16,184.0
26165.0,15,222.0
26170.0,8,191.0
26175.0,3,121.0
26180.0,2,110.0
26185.0,6,125.0
26190.0,8,128.0
26195.0,5,87.0
26200.0,2,36.0
26205.0,1,20.0
26210.0,5,36.0
26215.0,7,53.0
26220.0,3,44.0
26225.0,2,23.0
26230.0,3,25.0
26235.0,8,52.0
26240.0,8,72.0
26245.0,6,58.0
26250.0,5,59.0
26255.0,1,47.0
26260.0,6,59.0
26265.0,8,81.0
26270.0,7,71.0
26275.0,2,70.0
26280.0,7,85.0
26285.0,6,93.0
26290.0,5,66.0
26295.0,5,80.0
26300.0,9,111.0
26305.0,15,174.0
26310.0,22,267.0
26315.0,27,390.0
26320.0,25,469.0
26325.0,18,463.0
26330.0,13,385.0
26335.0,11,317.0
26340.0,3,324.0
26345.0,6,327.0
26350.0,13,378.0
26355.0,21,464.0
26360.0,25,583.0
26365.0,21,614.0
26370.0,14,536.0
26375.0,8,553.0
26380.0,7,592.0
26385.0,13,649.0
26390.0,14,624.0
26395.0,13,494.0
26400.0,11,325.0
26405.0,7,349.0
26410.0,8,378.0
26415.0,8,347.0
26420.0,6,221.0
26425.0,5,132.0
26430.0,2,146.0
26435.0,7,171.0
26440.0,6,172.0
26445.0,7,138.0
26450.0,5,84.0
26455.0,2,80.0
26460.0,7,93.0
26465.0,7,92.0
26470.0,4,72.0
26475.0,1,40.0
26480.0,1,21.0
26485.0,1,20.0
26490.0,2,4.0
26495.0,6,25.0
26500.0,4,40.0
26505.0,4,33.0
26510.0,3,35.0
26515.0,8,53.0
26520.0,8,74.0
26525.0,5,62.0
26530.0,1,48.0
26535.0,7,67.0
26540.0,9,85.0
26545.0,3,57.0
26550.0,2,44.0
26555.0,3,31.0
26560.0,2,27.0
26565.0,8,44.0
26570.0,7,65.0
26575.0,3,52.0
26580.0,1,24.0
26585.0,3,18.0
26590.0,1,19.0
26595.0,8,34.0
26600.0,9,78.0
26605.0,9,100.0
26610.0,1,74.0
26615.0,0,24.0
26620.0,1,2.0
26625.0,2,10.0
26630.0,0,0.0
26635.0,6,20.0
26640.0,5,40.0
26645.0,1,25.0
26650.0,3,21.0
26655.0,7,49.0
26660.0,10,92.0
26665.0,6,98.0
26670.0,1,56.0
26675.0,1,17.0
26680.0,3,16.0
26685.0,2,11.0
26690.0,7,29.0
26695.0,7,54.0
26700.0,4,55.0
26705.0,2,58.0
26710.0,8,78.0
26715.0,10,100.0
26720.0,10,98.0
26725.0,3,96.0
26730.0,7,105.0
26735.0,11,119.0
26740.0,9,108.0
26745.0,4,102.0
26750.0,7,118.0
26755.0,8,128.0
26760.0,8,103.0
26765.0,3,73.0
26770.0,6,65.0
26775.0,3,53.0
26780.0,7,40.0
26785.0,11,81.0
26790.0,7,99.0
26795.0,2,73.0
26800.0,2,63.0
26805.0,8,90.0
26810.0,8,101.0
26815.0,5,69.0
26820.0,2,43.0
26825.0,2,33.0
26830.0,2,33.0
26835.0,2,3.0
26840.0,7,24.0
26845.0,9,68.0
26850.0,14,128.0
26855.0,10,152.0
26860.0,3,116.0
26865.0,2,43.0
26870.0,2,36.0
26875.0,7,62.0
26880.0,9,76.0
26885.0,4,62.0
26890.0,1,47.0
26895.0,2,28.0
26900.0,1,13.0
26905.0,6,34.0
26910.0,7,52.0
26915.0,2,37.0
26920.0,1,21.0
26925.0,6,41.0
26930.0,13,93.0
26935.0,10,116.0
26940.0,6,86.0
26945.0,2,53.0
26950.0,5,45.0
26955.0,2,31.0
26960.0,6,24.0
26965.0,6,39.0
26970.0,3,37.0
26975.0,0,20.0
26980.0,6,30.0
26985.0,8,50.0
26990.0,4,49.0
26995.0,4,44.0
27000.0,1,30.0
27005.0,6,39.0
27010.0,7,60.0
27015.0,3,45.0
27020.0,2,45.0
27025.0,8,73.0
27030.0,8,90.0
27035.0,4,61.0
27040.0,2,34.0
27045.0,3,30.0
27050.0,1,9.0
27055.0,5,15.0
27060.0,5,32.0
27065.0,2,24.0
27070.0,1,7.0
27075.0,9,35.0
27080.0,6,57.0
27085.0,3,42.0
27090.0,3,27.0
27095.0,3,33.0
27100.0,2,17.0
27105.0,8,29.0
27110.0,7,55.0
27115.0,4,50.0
27120.0,3,54.0
27125.0,9,80.0
27130.0,8,98.0
27135.0,3,76.0
27140.0,4,83.0
27145.0,10,121.0
27150.0,10,138.0
27155.0,5,93.0
27160.0,4,67.0
27165.0,3,52.0
27170.0,5,51.0
27175.0,2,45.0
27180.0,6,37.0
27185.0,8,53.0
27190.0,2,46.0
27195.0,3,34.0
27200.0,2,24.0
27205.0,7,36.0
27210.0,6,50.0
27215.0,1,32.0
27220.0,1,14.0
27225.0,2,3.0
27230.0,6,24.0
27235.0,13,75.0
27240.0,12,118.0
27245.0,5,103.0
27250.0,3,105.0
27255.0,8,133.0
27260.0,8,142.0
27265.0,4,109.0
27270.0,2,99.0
27275.0,8,127.0
27280.0,7,129.0
27285.0,6,89.0
27290.0,3,51.0
27295.0,3,42.0
27300.0,2,29.0
27305.0,8,47.0
27310.0,6,66.0
27315.0,4,59.0
27320.0,0,31.0
27325.0,0,19.0
27330.0,2,15.0
27335.0,7,38.0
27340.0,7,56.0
27345.0,3,47.0
27350.0,2,31.0
27355.0,4,34.0
27360.0,2,24.0
27365.0,7,36.0
27370.0,7,57.0
27375.0,2,49.0
27380.0,3,46.0
27385.0,8,76.0
27390.0,7,90.0
27395.0,6,79.0
27400.0,3,54.0
27405.0,0,44.0
27410.0,6,56.0
27415.0,8,72.0
27420.0,7,64.0
27425.0,7,73.0
27430.0,5,80.0
27435.0,5,89.0
27440.0,1,67.0
27445.0,7,30.0
27450.0,8,57.0
27455.0,4,55.0
27460.0,2,43.0
27465.0,2,31.0
27470.0,8,60.0
27475.0,9,80.0
27480.0,4,70.0
27485.0,1,37.0
27490.0,0,15.0
27495.0,2,14.0
27500.0,8,39.0
27505.0,6,59.0
27510.0,4,57.0
27515.0,1,31.0
27520.0,2,24.0
27525.0,2,11.0
27530.0,7,29.0
27535.0,7,46.0
27540.0,4,44.0
27545.0,4,44.0
27550.0,1,39.0
27555.0,7,56.0
27560.0,6,75.0
27565.0,6,72.0
27570.0,6,63.0
27575.0,2,66.0
27580.0,7,70.0
27585.0,9,89.0
27590.0,7,86.0
27595.0,4,76.0
27600.0,3,57.0
27605.0,3,55.0
27610.0,1,22.0
27615.0,6,33.0
27620.0,6,50.0
27625.0,2,38.0
27630.0,2,19.0
27635.0,3,27.0
27640.0,0,8.0
27645.0,7,23.0
27650.0,9,53.0
27655.0,5,61.0
27660.0,6,66.0
27665.0,9,100.0
27670.0,10,122.0
27675.0,7,104.0
27680.0,4,67.0
27685.0,0,35.0
27690.0,1,37.0
27695.0,7,60.0
27700.0,8,77.0
27705.0,5,69.0
27710.0,2,41.0
27715.0,2,33.0
27720.0,2,14.0
27725.0,7,37.0
27730.0,8,60.0
27735.0,7,54.0
27740.0,3,60.0
27745.0,8,80.0
27750.0,8,97.0
27755.0,4,77.0
27760.0,5,87.0
27765.0,8,117.0
27770.0,9,133.0
27775.0,7,105.0
27780.0,4,111.0
27785.0,8,138.0
27790.0,10,151.0
27795.0,9,136.0
27800.0,8,168.0
27805.0,9,204.0
27810.0,10,211.0
27815.0,8,181.0
27820.0,6,129.0
27825.0,3,131.0
27830.0,8,160.0
27835.0,9,170.0
27840.0,7,149.0
27845.0,6,155.0
27850.0,10,189.0
27855.0,10,196.0
27860.0,8,164.0
27865.0,4,144.0
27870.0,7,164.0
27875.0,7,157.0
27880.0,3,113.0
27885.0,2,119.0
27890.0,7,146.0
27895.0,8,149.0
27900.0,8,123.0
27905.0,5,95.0
27910.0,2,74.0
27915.0,2,48.0
27920.0,7,70.0
27925.0,7,82.0
27930.0,3,63.0
27935.0,3,50.0
27940.0,3,50.0
27945.0,1,35.0
27950.0,8,52.0
27955.0,7,73.0
27960.0,7,74.0
27965.0,2,74.0
27970.0,8,96.0
27975.0,10,115.0
27980.0,7,102.0
27985.0,5,96.0
27990.0,7,120.0
27995.0,9,132.0
28000.0,6,109.0
28005.0,5,75.0
28010.0,5,63.0
28015.0,2,50.0
28020.0,8,39.0
28025.0,10,61.0
28030.0,10,80.0
28035.0,6,96.0
28040.0,10,116.0
28045.0,9,134.0
28050.0,6,117.0
28055.0,10,102.0
28060.0,3,122.0
28065.0,7,125.0
28070.0,9,135.0
28075.0,7,123.0
28080.0,7,113.0
28085.0,5,99.0
28090.0,0,64.0
28095.0,5,44.0
28100.0,6,57.0
28105.0,4,46.0
28110.0,3,25.0
28115.0,1,24.0
28120.0,7,42.0
28125.0,8,68.0
28130.0,7,70.0
28135.0,5,68.0
28140.0,2,59.0
28145.0,2,36.0
28150.0,7,60.0
28155.0,13,113.0
28160.0,16,153.0
28165.0,8,152.0
28170.0,7,118.0
28175.0,6,110.0
28180.0,3,86.0
28185.0,8,58.0
28190.0,8,68.0
28195.0,2,46.0
28200.0,1,20.0
28205.0,1,14.0
28210.0,1,18.0
28215.0,1,1.0
28220.0,4,17.0
28225.0,9,49.0
28230.0,14,108.0
28235.0,13,146.0
28240.0,8,130.0
28245.0,0,116.0
28250.0,6,136.0
28255.0,7,138.0
28260.0,3,94.0
28265.0,1,33.0
28270.0,1,36.0
28275.0,8,65.0
28280.0,9,82.0
28285.0,6,76.0
28290.0,2,51.0
28295.0,2,33.0
28300.0,0,16.0
28305.0,6,33.0
28310.0,6,52.0
28315.0,4,40.0
28320.0,1,26.0
28325.0,1,17.0
28330.0,1,8.0
28335.0,7,30.0
28340.0,5,45.0
28345.0,1,30.0
28350.0,3,28.0
28355.0,9,54.0
28360.0,9,76.0
28365.0,2,59.0
28370.0,1,27.0
28375.0,2,21.0
28380.0,7,48.0
28385.0,7,64.0
28390.0,3,51.0
28395.0,1,26.0
28400.0,2,20.0
28405.0,2,2.0
28410.0,6,25.0
28415.0,6,48.0
28420.0,3,39.0
28425.0,2,20.0
28430.0,2,14.0
28435.0,8,35.0
28440.0,4,47.0
28445.0,1,28.0
28450.0,1,12.0
28455.0,8,39.0
28460.0,11,90.0
28465.0,9,112.0
28470.0,4,87.0
28475.0,3,88.0
28480.0,8,113.0
28485.0,9,124.0
28490.0,5,92.0
28495.0,1,47.0
28500.0,0,40.0
28505.0,6,58.0
28510.0,12,107.0
28515.0,9,124.0
28520.0,1,83.0
28525.0,3,27.0
28530.0,2,20.0
28535.0,7,38.0
28540.0,9,60.0
28545.0,6,62.0
28550.0,2,54.0
28555.0,7,75.0
28560.0,15,131.0
28565.0,13,168.0
28570.0,6,150.0
28575.0,3,96.0
28580.0,3,105.0
28585.0,7,131.0
28590.0,9,142.0
28595.0,6,100.0
28600.0,5,83.0
28605.0,3,62.0
28610.0,3,40.0
28615.0,8,58.0
28620.0,9,80.0
28625.0,9,87.0
28630.0,5,102.0
28635.0,8,128.0
28640.0,9,145.0
28645.0,9,123.0
28650.0,6,131.0
28655.0,6,156.0
28660.0,6,158.0
28665.0,5,126.0
28670.0,4,77.0
28675.0,1,69.0
28680.0,7,91.0
28685.0,6,93.0
28690.0,4,64.0
28695.0,5,49.0
28700.0,6,54.0
28705.0,1,41.0
28710.0,7,37.0
28715.0,8,60.0
28720.0,7,59.0
28725.0,4,63.0
28730.0,2,51.0
28735.0,6,52.0
28740.0,8,70.0
28745.0,4,61.0
28750.0,2,39.0
28755.0,2,39.0
28760.0,1,7.0
28765.0,6,25.0
28770.0,9,48.0
28775.0,10,68.0
28780.0,4,76.0
28785.0,8,90.0
28790.0,9,116.0
28795.0,7,113.0
28800.0,6,93.0
28805.0,6,89.0
28810.0,3,65.0
28815.0,7,55.0
28820.0,8,72.0
28825.0,4,68.0
28830.0,4,53.0
28835.0,0,27.0
28840.0,8,45.0
28845.0,7,63.0
28850.0,5,56.0
28855.0,2,41.0
28860.0,4,44.0
28865.0,2,23.0
28870.0,8,37.0
28875.0,7,57.0
28880.0,6,59.0
28885.0,4,57.0
28890.0,1,45.0
28895.0,7,60.0
28900.0,7,79.0
28905.0,5,71.0
28910.0,3,85.0
28915.0,9,111.0
28920.0,9,126.0
28925.0,6,103.0
28930.0,3,72.0
28935.0,3,60.0
28940.0,2,30.0
28945.0,7,41.0
28950.0,8,59.0
28955.0,6,56.0
28960.0,3,57.0
28965.0,7,82.0
28970.0,14,136.0
28975.0,15,176.0
28980.0,11,172.0
28985.0,11,144.0
28990.0,7,133.0
28995.0,3,124.0
29000.0,7,152.0
29005.0,7,163.0
29010.0,3,112.0
29015.0,2,71.0
29020.0,1,58.0
29025.0,6,76.0
29030.0,7,82.0
29035.0,1,45.0
29040.0,4,54.0
29045.0,10,90.0
29050.0,15,155.0
29055.0,12,177.0
29060.0,8,146.0
29065.0,1,79.0
29070.0,2,43.0
29075.0,1,22.0
29080.0,7,44.0
29085.0,7,58.0
29090.0,3,45.0
29095.0,5,36.0
29100.0,7,55.0
29105.0,3,56.0
29110.0,8,42.0
29115.0,8,55.0
29120.0,3,49.0
29125.0,2,32.0
29130.0,6,45.0
29135.0,6,60.0
29140.0,2,42.0
29145.0,1,15.0
29150.0,1,7.0
29155.0,0,0.0
29160.0,5,17.0
29165.0,3,34.0
29170.0,0,11.0
29175.0,4,18.0
29180.0,9,48.0
29185.0,7,67.0
29190.0,2,52.0
29195.0,1,20.0
29200.0,2,15.0
29205.0,8,47.0
29210.0,7,69.0
29215.0,5,61.0
29220.0,4,41.0
29225.0,2,34.0
29230.0,7,48.0
29235.0,9,70.0
29240.0,5,66.0
29245.0,5,58.0
29250.0,2,53.0
29255.0,8,80.0
29260.0,8,97.0
29265.0,6,89.0
29270.0,2,100.0
29275.0,8,127.0
29280.0,9,138.0
29285.0,7,118.0
29290.0,7,87.0
29295.0,4,107.0
29300.0,8,117.0
29305.0,9,132.0
29310.0,7,112.0
29315.0,8,87.0
29320.0,3,76.0
29325.0,7,89.0
29330.0,8,107.0
29335.0,5,91.0
29340.0,1,57.0
29345.0,1,37.0
29350.0,1,21.0
29355.0,2,17.0
29360.0,8,45.0
29365.0,7,63.0
29370.0,3,47.0
29375.0,1,45.0
29380.0,6,68.0
29385.0,7,79.0
29390.0,3,62.0
29395.0,3,35.0
29400.0,2,30.0
29405.0,8,47.0
29410.0,6,60.0
29415.0,4,47.0
29420.0,0,26.0
29425.0,1,14.0
29430.0,2,15.0
29435.0,8,42.0
29440.0,8,69.0
29445.0,7,63.0
29450.0,4,58.0
29455.0,4,57.0
29460.0,5,69.0
29465.0,2,44.0
29470.0,6,26.0
29475.0,8,50.0
29480.0,5,54.0
29485.0,2,48.0
29490.0,8,52.0
29495.0,7,69.0
29500.0,2,46.0
29505.0,0,13.0
29510.0,0,1.0
29515.0,1,3.0
29520.0,0,0.0
29525.0,2,7.0
29530.0,7,35.0
29535.0,10,82.0
29540.0,13,138.0
29545.0,13,169.0
29550.0,7,148.0
29555.0,2,90.0
29560.0,4,65.0
29565.0,1,43.0
29570.0,7,53.0
29575.0,7,65.0
29580.0,6,60.0
29585.0,1,52.0
29590.0,8,64.0
29595.0,7,80.0
29600.0,4,48.0
29605.0,2,40.0
29610.0,4,34.0
29615.0,2,25.0
29620.0,8,41.0
29625.0,9,67.0
29630.0,4,63.0
29635.0,4,69.0
29640.0,8,94.0
29645.0,9,107.0
29650.0,5,86.0
29655.0,3,55.0
29660.0,1,39.0
29665.0,1,25.0
29670.0,6,47.0
29675.0,8,67.0
29680.0,5,59.0
29685.0,5,55.0
29690.0,3,56.0
29695.0,2,34.0
29700.0,7,46.0
29705.0,13,97.0
29710.0,18,180.0
29715.0,16,229.0
29720.0,11,220.0
29725.0,5,168.0
29730.0,4,120.0
29735.0,1,89.0
29740.0,7,92.0
29745.0,8,97.0
29750.0,5,63.0
29755.0,3,47.0
29760.0,2,36.0
29765.0,7,52.0
29770.0,8,73.0
29775.0,3,62.0
29780.0,2,45.0
29785.0,4,41.0
29790.0,0,14.0
29795.0,4,14.0
29800.0,7,34.0
29805.0,1,27.0
29810.0,2,24.0
29815.0,8,49.0
29820.0,8,68.0
29825.0,5,64.0
29830.0,1,44.0
29835.0,8,61.0
29840.0,8,76.0
29845.0,5,68.0
29850.0,7,62.0
29855.0,2,55.0
29860.0,7,70.0
29865.0,7,90.0
29870.0,7,87.0
29875.0,1,77.0
29880.0,7,91.0
29885.0,7,101.0
29890.0,3,72.0
29895.0,0,25.0
29900.0,2,15.0
29905.0,2,9.0
29910.0,7,30.0
29915.0,7,50.0
29920.0,2,46.0
29925.0,2,32.0
29930.0,4,38.0
29935.0,1,20.0
29940.0,6,19.0
29945.0,10,62.0
29950.0,10,94.0
29955.0,5,88.0
29960.0,2,78.0
29965.0,8,102.0
29970.0,13,160.0
29975.0,14,188.0
29980.0,15,183.0
29985.0,8,207.0
29990.0,11,255.0
29995.0,10,257.0
30000.0,8,223.0
30005.0,6,173.0
30010.0,3,161.0
30015.0,8,174.0
30020.0,11,182.0
30025.0,8,151.0
30030.0,6,94.0
30035.0,2,87.0
30040.0,8,94.0
30045.0,10,108.0
30050.0,9,97.0
30055.0,6,87.0
30060.0,0,79.0
30065.0,6,81.0
30070.0,5,91.0
30075.0,7,75.0
30080.0,2,68.0
30085.0,6,74.0
30090.0,7,86.0
30095.0,5,61.0
30100.0,3,48.0
30105.0,3,48.0
30110.0,3,53.0
30115.0,1,18.0
30120.0,6,21.0
30125.0,6,42.0
30130.0,2,37.0
30135.0,1,16.0
30140.0,2,16.0
30145.0,8,39.0
30150.0,10,69.0
30155.0,6,78.0
30160.0,3,71.0
30165.0,10,97.0
30170.0,9,119.0
30175.0,6,106.0
30180.0,1,58.0
30185.0,2,38.0
30190.0,1,24.0
30195.0,5,35.0
30200.0,11,77.0
30205.0,17,150.0
30210.0,23,255.0
30215.0,24,371.0
30220.0,23,426.0
30225.0,18,413.0
30230.0,12,477.0
30235.0,12,533.0
30240.0,18,608.0
30245.0,16,622.0
30250.0,14,547.0
30255.0,13,442.0
30260.0,9,452.0
30265.0,9,489.0
30270.0,15,552.0
30275.0,14,538.0
30280.0,13,399.0
30285.0,10,297.0
30290.0,6,323.0
30295.0,9,351.0
30300.0,8,325.0
30305.0,6,243.0
30310.0,5,145.0
30315.0,4,85.0
30320.0,1,70.0
30325.0,6,85.0
30330.0,13,138.0
30335.0,19,220.0
30340.0,25,333.0
30345.0,23,393.0
30350.0,17,361.0
30355.0,13,400.0
30360.0,10,456.0
30365.0,7,440.0
30370.0,4,359.0
30375.0,3,237.0
30380.0,1,151.0
30385.0,1,128.0
30390.0,5,144.0
30395.0,11,189.0
30400.0,19,268.0
30405.0,18,296.0
30410.0,15,263.0
30415.0,10,211.0
30420.0,5,226.0
30425.0,8,253.0
30430.0,8,258.0
30435.0,4,210.0
30440.0,0,119.0
30445.0,1,53.0
30450.0,2,51.0
30455.0,6,74.0
30460.0,7,73.0
30465.0,5,58.0
30470.0,3,45.0
30475.0,5,51.0
30480.0,0,38.0
30485.0,6,35.0
30490.0,6,51.0
30495.0,4,43.0
30500.0,3,31.0
30505.0,1,17.0
30510.0,8,37.0
30515.0,8,58.0
30520.0,6,58.0
30525.0,6,72.0
30530.0,9,98.0
30535.0,10,121.0
30540.0,7,117.0
30545.0,6,100.0
30550.0,5,88.0
30555.0,0,58.0
30560.0,7,73.0
30565.0,7,90.0
30570.0,3,68.0
30575.0,3,39.0
30580.0,4,37.0
30585.0,2,30.0
30590.0,8,41.0
30595.0,10,68.0
30600.0,7,74.0
30605.0,4,63.0
30610.0,2,50.0
30615.0,8,60.0
30620.0,9,79.0
30625.0,6,67.0
30630.0,3,59.0
30635.0,2,45.0
30640.0,0,22.0
30645.0,5,32.0
30650.0,5,40.0
30655.0,3,34.0
30660.0,2,30.0
30665.0,8,51.0
30670.0,9,75.0
30675.0,5,67.0
30680.0,1,40.0
30685.0,1,19.0
30690.0,2,10.0
30695.0,6,32.0
30700.0,5,44.0
30705.0,4,32.0
30710.0,3,26.0
30715.0,7,43.0
30720.0,11,92.0
30725.0,8,106.0
30730.0,2,64.0
30735.0,2,65.0
30740.0,7,91.0
30745.0,13,147.0
30750.0,18,230.0
30755.0,14,256.0
30760.0,12,221.0
30765.0,5,253.0
30770.0,10,273.0
30775.0,10,270.0
30780.0,7,218.0
30785.0,4,123.0
30790.0,1,112.0
30795.0,7,134.0
30800.0,7,129.0
30805.0,4,85.0
30810.0,4,47.0
30815.0,3,35.0
30820.0,0,25.0
30825.0,7,39.0
30830.0,9,67.0
30835.0,7,73.0
30840.0,4,64.0
30845.0,1,49.0
30850.0,7,62.0
30855.0,7,76.0
30860.0,3,56.0
30865.0,1,31.0
30870.0,0,17.0
30875.0,1,14.0
30880.0,7,36.0
30885.0,8,60.0
30890.0,5,63.0
30895.0,1,52.0
30900.0,6,70.0
30905.0,9,86.0
30910.0,4,57.0
30915.0,4,47.0
30920.0,3,36.0
30925.0,7,54.0
30930.0,7,70.0
30935.0,3,57.0
30940.0,3,43.0
30945.0,1,46.0
30950.0,8,70.0
30955.0,8,91.0
30960.0,7,81.0
30965.0,3,56.0
30970.0,2,55.0
30975.0,8,68.0
30980.0,14,125.0
30985.0,13,159.0
30990.0,9,154.0
30995.0,4,123.0
31000.0,1,107.0
31005.0,7,126.0
31010.0,6,130.0
31015.0,2,93.0
31020.0,3,93.0
31025.0,9,130.0
31030.0,9,142.0
31035.0,8,112.0
31040.0,5,82.0
31045.0,4,78.0
31050.0,2,54.0
31055.0,6,66.0
31060.0,6,76.0
31065.0,5,49.0
31070.0,2,58.0
31075.0,9,87.0
31080.0,8,107.0
31085.0,6,93.0
31090.0,5,63.0
31095.0,2,51.0
31100.0,2,33.0
31105.0,6,51.0
31110.0,4,56.0
31115.0,4,41.0
31120.0,2,30.0
31125.0,2,20.0
31130.0,7,41.0
31135.0,12,93.0
31140.0,9,116.0
31145.0,3,88.0
31150.0,3,50.0
31155.0,2,31.0
31160.0,7,50.0
31165.0,8,65.0
31170.0,4,50.0
31175.0,3,38.0
31180.0,2,28.0
31185.0,8,46.0
31190.0,10,70.0
31195.0,7,71.0
31200.0,2,63.0
31205.0,7,79.0
31210.0,13,131.0
31215.0,20,216.0
31220.0,28,336.0
31225.0,27,417.0
31230.0,22,435.0
31235.0,13,389.0
31240.0,8,369.0
31245.0,2,329.0
31250.0,8,338.0
31255.0,10,338.0
31260.0,7,291.0
31265.0,6,194.0
31270.0,6,144.0
31275.0,4,92.0
31280.0,6,64.0
31285.0,12,108.0
31290.0,15,121.0
31295.0,10,134.0
31300.0,4,146.0
31305.0,7,165.0
31310.0,7,168.0
31315.0,4,140.0
31320.0,1,79.0
31325.0,1,82.0
31330.0,8,110.0
31335.0,8,121.0
31340.0,5,86.0
31345.0,2,43.0
31350.0,0,25.0
31355.0,1,14.0
31360.0,2,9.0
31365.0,7,30.0
31370.0,7,50.0
31375.0,5,52.0
31380.0,4,46.0
31385.0,2,37.0
31390.0,8,56.0
31395.0,8,78.0
31400.0,5,69.0
31405.0,4,54.0
31410.0,3,49.0
31415.0,1,44.0
31420.0,7,57.0
31425.0,8,79.0
31430.0,4,68.0
31435.0,2,45.0
31440.0,3,35.0
31445.0,1,14.0
31450.0,6,31.0
31455.0,7,55.0
31460.0,1,40.0
31465.0,2,26.0
31470.0,7,51.0
31475.0,8,68.0
31480.0,3,52.0
31485.0,4,43.0
31490.0,6,63.0
31495.0,1,45.0
31500.0,6,24.0
31505.0,5,43.0
31510.0,1,24.0
31515.0,3,21.0
31520.0,7,50.0
31525.0,11,99.0
31530.0,10,118.0
31535.0,3,85.0
31540.0,2,36.0
31545.0,3,27.0
31550.0,2,12.0
31555.0,7,27.0
31560.0,8,67.0
31565.0,10,115.0
31570.0,11,169.0
31575.0,12,227.0
31580.0,15,300.0
31585.0,19,386.0
31590.0,25,500.0
31595.0,30,641.0
31600.0,35,806.0
31605.0,38,994.0
31610.0,33,1058.0
31615.0,24,913.0
31620.0,16,813.0
31625.0,7,796.0
31630.0,7,826.0
31635.0,9,778.0
31640.0,4,643.0
31645.0,3,578.0
31650.0,7,600.0
31655.0,6,550.0
31660.0,3,363.0
31665.0,2,197.0
31670.0,3,30.0
31675.0,1,16.0
31680.0,7,37.0
31685.0,8,60.0
31690.0,6,65.0
31695.0,4,58.0
31700.0,5,68.0
31705.0,2,45.0
31710.0,6,44.0
31715.0,8,64.0
31720.0,6,65.0
31725.0,3,76.0
31730.0,9,94.0
31735.0,14,155.0
31740.0,15,195.0
31745.0,10,188.0
31750.0,7,141.0
31755.0,3,118.0
31760.0,2,84.0
31765.0,1,56.0
31770.0,6,67.0
31775.0,6,75.0
31780.0,3,53.0
31785.0,2,23.0
31790.0,2,21.0
31795.0,6,41.0
31800.0,6,58.0
31805.0,4,38.0
31810.0,2,24.0
31815.0,2,20.0
31820.0,1,8.0
31825.0,5,22.0
31830.0,5,35.0
31835.0,0,23.0
31840.0,1,5.0
31845.0,2,8.0
31850.0,1,4.0
31855.0,3,13.0
31860.0,7,42.0
31865.0,12,93.0
31870.0,14,160.0
31875.0,14,230.0
31880.0,9,238.0
31885.0,4,178.0
31890.0,2,93.0
31895.0,2,35.0
31900.0,3,18.0
31905.0,7,45.0
31910.0,7,63.0
31915.0,4,57.0
31920.0,2,41.0
31925.0,2,37.0
31930.0,2,15.0
31935.0,7,38.0
31940.0,9,63.0
31945.0,4,61.0
31950.0,3,46.0
31955.0,2,37.0
31960.0,8,56.0
31965.0,7,75.0
31970.0,4,62.0
31975.0,2,39.0
31980.0,2,32.0
31985.0,9,60.0
31990.0,8,80.0
31995.0,6,75.0
32000.0,7,69.0
32005.0,4,76.0
32010.0,1,52.0
32015.0,7,46.0
32020.0,5,63.0
32025.0,5,55.0
32030.0,2,43.0
32035.0,3,35.0
32040.0,3,42.0
32045.0,2,17.0
32050.0,7,28.0
32055.0,7,56.0
32060.0,3,53.0
32065.0,1,33.0
32070.0,2,17.0
32075.0,2,8.0
32080.0,7,26.0
32085.0,12,74.0
32090.0,13,138.0
32095.0,15,209.0
32100.0,18,294.0
32105.0,22,392.0
32110.0,24,506.0
32115.0,21,547.0
32120.0,15,486.0
32125.0,9,336.0
32130.0,1,340.0
32135.0,7,364.0
32140.0,7,333.0
32145.0,5,237.0
32150.0,0,108.0
32155.0,1,24.0
32160.0,1,12.0
32165.0,2,3.0
32170.0,7,27.0
32175.0,3,41.0
32180.0,2,14.0
32185.0,3,14.0
32190.0,7,43.0
32195.0,9,63.0
32200.0,2,56.0
32205.0,2,31.0
32210.0,4,22.0
32215.0,2,19.0
32220.0,8,28.0
32225.0,7,54.0
32230.0,1,41.0
32235.0,3,37.0
32240.0,8,68.0
32245.0,7,84.0
32250.0,4,58.0
32255.0,3,65.0
32260.0,8,91.0
32265.0,9,108.0
32270.0,4,85.0
32275.0,1,42.0
32280.0,2,30.0
32285.0,1,13.0
32290.0,6,30.0
32295.0,3,36.0
32300.0,3,24.0
32305.0,3,27.0
32310.0,8,53.0
32315.0,9,94.0
32320.0,13,151.0
32325.0,14,220.0
32330.0,16,294.0
32335.0,18,379.0
32340.0,23,483.0
32345.0,26,605.0
32350.0,30,748.0
32355.0,25,782.0
32360.0,18,689.0
32365.0,12,700.0
32370.0,12,761.0
32375.0,15,826.0
32380.0,14,784.0
32385.0,13,639.0
32390.0,16,465.0
32395.0,6,503.0
32400.0,7,507.0
32405.0,8,462.0
32410.0,6,277.0
32415.0,5,182.0
32420.0,3,92.0
32425.0,2,81.0
32430.0,8,97.0
32435.0,6,102.0
32440.0,4,63.0
32445.0,3,67.0
32450.0,8,97.0
32455.0,10,105.0
32460.0,8,86.0
32465.0,6,82.0
32470.0,6,87.0
32475.0,0,58.0
32480.0,6,43.0
32485.0,8,68.0
32490.0,3,61.0
32495.0,1,38.0
32500.0,7,61.0
32505.0,9,82.0
32510.0,4,64.0
32515.0,2,41.0
32520.0,2,27.0
32525.0,1,20.0
32530.0,5,36.0
32535.0,5,51.0
32540.0,2,40.0
32545.0,0,16.0
32550.0,2,9.0
32555.0,2,17.0
32560.0,1,2.0
32565.0,7,28.0
32570.0,4,44.0
32575.0,2,18.0
32580.0,1,7.0
32585.0,6,26.0
32590.0,7,43.0
32595.0,2,35.0
32600.0,1,21.0
32605.0,2,16.0
32610.0,0,2.0
32615.0,5,17.0
32620.0,3,28.0
32625.0,0,9.0
32630.0,2,10.0
32635.0,7,34.0
32640.0,5,47.0
32645.0,0,27.0
32650.0,1,7.0
32655.0,2,6.0
32660.0,7,28.0
32665.0,13,82.0
32670.0,12,123.0
32675.0,8,128.0
32680.0,5,138.0
32685.0,8,168.0
32690.0,8,178.0
32695.0,9,154.0
32700.0,9,125.0
32705.0,2,115.0
32710.0,7,115.0
32715.0,7,120.0
32720.0,6,82.0
32725.0,4,69.0
32730.0,4,56.0
32735.0,0,39.0
32740.0,4,35.0
32745.0,11,79.0
32750.0,19,158.0
32755.0,18,220.0
32760.0,12,210.0
32765.0,7,185.0
32770.0,1,183.0
32775.0,7,201.0
32780.0,8,202.0
32785.0,4,160.0
32790.0,1,83.0
32795.0,1,48.0
32800.0,2,29.0
32805.0,1,3.0
32810.0,5,20.0
32815.0,5,35.0
32820.0,2,25.0
32825.0,1,16.0
32830.0,1,15.0
32835.0,2,2.0
32840.0,7,23.0
32845.0,13,76.0
32850.0,14,146.0
32855.0,12,180.0
32860.0,4,150.0
32865.0,1,67.0
32870.0,1,19.0
32875.0,1,21.0
32880.0,1,1.0
32885.0,5,17.0
32890.0,4,34.0
32895.0,0,23.0
32900.0,1,11.0
32905.0,1,9.0
32910.0,4,23.0
32915.0,1,13.0
32920.0,5,17.0
32925.0,2,26.0
32930.0,0,4.0
32935.0,0,1.0
32940.0,6,20.0
32945.0,10,63.0
32950.0,6,81.0
32955.0,2,53.0
32960.0,3,23.0
32965.0,1,14.0
32970.0,8,34.0
32975.0,8,61.0
32980.0,1,51.0
32985.0,3,50.0
32990.0,9,82.0
32995.0,9,102.0
33000.0,6,74.0
33005.0,4,58.0
33010.0,4,48.0
33015.0,3,41.0
33020.0,8,46.0
33025.0,8,63.0
33030.0,2,50.0
33035.0,3,33.0
33040.0,2,25.0
33045.0,8,44.0
33050.0,13,100.0
33055.0,12,135.0
33060.0,7,125.0
33065.0,3,84.0
33070.0,2,83.0
33075.0,7,101.0
33080.0,14,158.0
33085.0,20,243.0
33090.0,20,298.0
33095.0,17,293.0
33100.0,10,332.0
33105.0,9,373.0
33110.0,8,358.0
33115.0,4,274.0
33120.0,4,201.0
33125.0,1,128.0
33130.0,1,104.0
33135.0,7,126.0
33140.0,7,126.0
33145.0,3,74.0
33150.0,2,35.0
33155.0,3,34.0
33160.0,1,18.0
33165.0,7,34.0
33170.0,7,57.0
33175.0,2,42.0
33180.0,1,23.0
33185.0,1,14.0
33190.0,2,15.0
33195.0,1,1.0
33200.0,5,21.0
33205.0,7,55.0
33210.0,10,101.0
33215.0,10,151.0
33220.0,13,213.0
33225.0,15,285.0
33230.0,18,372.0
33235.0,21,470.0
33240.0,24,584.0
33245.0,28,717.0
33250.0,32,868.0
33255.0,35,1036.0
33260.0,34,1091.0
33265.0,26,991.0
33270.0,19,786.0
33275.0,6,816.0
33280.0,8,819.0
33285.0,8,759.0
33290.0,8,609.0
33295.0,6,414.0
33300.0,2,414.0
33305.0,9,424.0
33310.0,7,383.0
33315.0,3,256.0
33320.0,5,271.0
33325.0,10,310.0
33330.0,11,275.0
33335.0,8,170.0
33340.0,5,95.0
33345.0,3,89.0
33350.0,1,55.0
33355.0,7,75.0
33360.0,6,85.0
33365.0,5,68.0
33370.0,4,56.0
33375.0,5,57.0
33380.0,2,45.0
33385.0,7,38.0
33390.0,9,63.0
33395.0,2,50.0
33400.0,2,27.0
33405.0,7,51.0
33410.0,7,68.0
33415.0,1,45.0
33420.0,0,12.0
33425.0,0,0.0
33430.0,1,1.0
33435.0,7,23.0
33440.0,3,38.0
33445.0,1,19.0
33450.0,0,6.0
33455.0,7,29.0
33460.0,5,48.0
33465.0,0,35.0
33470.0,0,6.0
33475.0,0,0.0
33480.0,1,5.0
33485.0,0,0.0
33490.0,7,23.0
33495.0,10,68.0
33500.0,5,85.0
33505.0,0,43.0
33510.0,0,0.0
33515.0,1,2.0
33520.0,3,11.0
33525.0,2,16.0
33530.0,2,12.0
33535.0,1,3.0
33540.0,7,25.0
33545.0,7,52.0
33550.0,2,40.0
33555.0,4,27.0
33560.0,1,19.0
33565.0,7,31.0
33570.0,7,53.0
33575.0,3,45.0
33580.0,1,33.0
33585.0,2,25.0
33590.0,1,7.0
33595.0,6,23.0
33600.0,7,45.0
33605.0,1,26.0
33610.0,2,27.0
33615.0,7,50.0
33620.0,8,66.0
33625.0,6,54.0
33630.0,3,60.0
33635.0,7,78.0
33640.0,8,95.0
33645.0,6,82.0
33650.0,9,65.0
33655.0,2,73.0
33660.0,7,83.0
33665.0,8,101.0
33670.0,5,88.0
33675.0,3,57.0
33680.0,2,50.0
33685.0,7,76.0
33690.0,10,91.0
33695.0,7,83.0
33700.0,6,73.0
33705.0,3,72.0
33710.0,9,99.0
33715.0,8,117.0
33720.0,7,102.0
33725.0,4,83.0
33730.0,2,68.0
33735.0,0,49.0
33740.0,6,70.0
33745.0,6,81.0
33750.0,3,54.0
33755.0,3,51.0
33760.0,8,78.0
33765.0,8,93.0
33770.0,6,82.0
33775.0,4,88.0
33780.0,8,119.0
33785.0,8,129.0
33790.0,6,88.0
33795.0,5,69.0
33800.0,3,59.0
33805.0,2,40.0
33810.0,7,55.0
33815.0,6,73.0
33820.0,5,64.0
33825.0,3,40.0
33830.0,3,33.0
33835.0,1,23.0
33840.0,6,38.0
33845.0,7,61.0
33850.0,4,52.0
33855.0,3,61.0
33860.0,7,87.0
33865.0,8,105.0
33870.0,5,87.0
33875.0,2,53.0
33880.0,3,42.0
33885.0,4,43.0
33890.0,0,20.0
33895.0,6,18.0
33900.0,6,39.0
33905.0,3,40.0
33910.0,3,40.0
33915.0,10,69.0
33920.0,10,96.0
33925.0,4,84.0
33930.0,2,78.0
33935.0,7,105.0
33940.0,9,119.0
33945.0,6,96.0
33950.0,2,90.0
33955.0,7,108.0
33960.0,7,108.0
33965.0,5,75.0
33970.0,4,42.0
33975.0,2,41.0
33980.0,7,63.0
33985.0,8,82.0
33990.0,7,79.0
33995.0,3,60.0
34000.0,1,52.0
34005.0,7,69.0
34010.0,7,85.0
34015.0,5,74.0
34020.0,3,50.0
34025.0,1,32.0
34030.0,0,28.0
34035.0,7,47.0
34040.0,6,62.0
34045.0,4,54.0
34050.0,1,35.0
34055.0,4,38.0
34060.0,1,25.0
34065.0,7,30.0
34070.0,5,42.0
34075.0,2,30.0
34080.0,2,31.0
34085.0,9,61.0
34090.0,11,92.0
34095.0,9,102.0
34100.0,7,96.0
34105.0,5,98.0
34110.0,8,89.0
34115.0,7,91.0
34120.0,6,79.0
34125.0,3,47.0
34130.0,1,28.0
34135.0,7,52.0
34140.0,7,70.0
34145.0,6,65.0
34150.0,3,59.0
34155.0,3,55.0
34160.0,1,30.0
34165.0,5,43.0
34170.0,6,63.0
34175.0,3,56.0
34180.0,2,32.0
34185.0,2,25.0
34190.0,3,29.0
34195.0,1,15.0
34200.0,6,25.0
34205.0,6,46.0
34210.0,6,48.0
34215.0,2,39.0
34220.0,2,17.0
34225.0,6,35.0
34230.0,5,47.0
34235.0,0,24.0
34240.0,3,25.0
34245.0,9,57.0
34250.0,8,74.0
34255.0,3,58.0
34260.0,0,30.0
34265.0,1,18.0
34270.0,1,14.0
34275.0,6,36.0
34280.0,7,56.0
34285.0,4,54.0
34290.0,2,39.0
34295.0,2,32.0
34300.0,1,8.0
34305.0,6,29.0
34310.0,3,40.0
34315.0,1,15.0
34320.0,2,15.0
34325.0,8,43.0
34330.0,6,61.0
34335.0,2,52.0
34340.0,4,31.0
34345.0,1,22.0
34350.0,7,33.0
34355.0,9,57.0
34360.0,1,49.0
34365.0,4,52.0
34370.0,9,86.0
34375.0,6,96.0
34380.0,2,58.0
34385.0,4,64.0
34390.0,10,99.0
34395.0,10,110.0
34400.0,5,88.0
34405.0,2,52.0
34410.0,2,32.0
34415.0,2,16.0
34420.0,6,36.0
34425.0,8,56.0
34430.0,6,45.0
34435.0,5,44.0
34440.0,1,35.0
34445.0,0,21.0
34450.0,6,38.0
34455.0,6,57.0
34460.0,3,53.0
34465.0,2,30.0
34470.0,5,34.0
34475.0,2,34.0
34480.0,8,37.0
34485.0,12,88.0
34490.0,14,128.0
34495.0,9,129.0
34500.0,5,101.0
34505.0,2,102.0
34510.0,9,126.0
34515.0,9,142.0
34520.0,5,115.0
34525.0,3,57.0
34530.0,2,59.0
34535.0,8,83.0
34540.0,8,99.0
34545.0,6,89.0
34550.0,3,65.0
34555.0,2,52.0
34560.0,8,71.0
34565.0,9,93.0
34570.0,9,94.0
34575.0,6,87.0
34580.0,2,83.0
34585.0,6,96.0
34590.0,6,105.0
34595.0,6,81.0
34600.0,5,63.0
34605.0,1,55.0
34610.0,6,65.0
34615.0,8,78.0
34620.0,5,73.0
34625.0,4,61.0
34630.0,7,87.0
34635.0,7,96.0
34640.0,4,73.0
34645.0,2,48.0
34650.0,3,39.0
34655.0,7,62.0
34660.0,13,116.0
34665.0,15,156.0
34670.0,13,162.0
34675.0,11,159.0
34680.0,9,172.0
34685.0,2,142.0
34690.0,6,156.0
34695.0,7,164.0
34700.0,3,127.0
34705.0,0,64.0
34710.0,2,24.0
34715.0,1,11.0
34720.0,6,32.0
34725.0,11,76.0
34730.0,16,144.0
34735.0,19,230.0
34740.0,21,329.0
34745.0,17,364.0
34750.0,10,322.0
34755.0,4,217.0
34760.0,2,210.0
34765.0,7,232.0
34770.0,8,217.0
34775.0,7,151.0
34780.0,7,85.0
34785.0,3,87.0
34790.0,7,89.0
34795.0,8,101.0
34800.0,7,93.0
34805.0,4,73.0
34810.0,8,86.0
34815.0,3,70.0
34820.0,7,45.0
34825.0,13,89.0
34830.0,13,126.0
34835.0,11,132.0
34840.0,8,116.0
34845.0,4,99.0
34850.0,2,83.0
34855.0,8,94.0
34860.0,7,111.0
34865.0,5,89.0
34870.0,1,46.0
34875.0,2,44.0
34880.0,8,68.0
34885.0,8,82.0
34890.0,7,76.0
34895.0,3,52.0
34900.0,2,49.0
34905.0,8,75.0
34910.0,8,95.0
34915.0,5,83.0
34920.0,3,53.0
34925.0,2,38.0
34930.0,2,17.0
34935.0,7,39.0
34940.0,7,59.0
34945.0,3,52.0
34950.0,3,32.0
34955.0,2,29.0
34960.0,4,39.0
34965.0,2,19.0
34970.0,6,22.0
34975.0,9,58.0
34980.0,7,80.0
34985.0,1,53.0
34990.0,2,21.0
34995.0,2,23.0
35000.0,1,1.0
35005.0,6,20.0
35010.0,1,25.0
35015.0,0,3.0
35020.0,1,6.0
35025.0,7,29.0
35030.0,11,79.0
35035.0,9,103.0
35040.0,4,87.0
35045.0,3,56.0
35050.0,3,39.0
35055.0,0,18.0
35060.0,6,19.0
35065.0,12,68.0
35070.0,14,131.0
35075.0,20,217.0
35080.0,19,272.0
35085.0,15,268.0
35090.0,10,209.0
35095.0,9,189.0
35100.0,0,173.0
35105.0,6,171.0
35110.0,5,165.0
35115.0,3,110.0
35120.0,4,71.0
35125.0,6,61.0
35130.0,2,45.0
35135.0,7,31.0
35140.0,7,52.0
35145.0,5,54.0
35150.0,1,36.0
35155.0,1,26.0
35160.0,0,9.0
35165.0,6,25.0
35170.0,5,44.0
35175.0,3,34.0
35180.0,3,39.0
35185.0,9,66.0
35190.0,8,82.0
35195.0,3,64.0
35200.0,3,38.0
35205.0,2,34.0
35210.0,8,50.0
35215.0,7,67.0
35220.0,1,39.0
35225.0,2,29.0
35230.0,7,51.0
35235.0,7,63.0
35240.0,2,42.0
35245.0,3,37.0
35250.0,8,65.0
35255.0,8,81.0
35260.0,3,57.0
35265.0,2,38.0
35270.0,3,27.0
35275.0,8,56.0
35280.0,7,71.0
35285.0,2,42.0
35290.0,2,26.0
35295.0,2,25.0
35300.0,0,0.0
35305.0,6,17.0
35310.0,5,35.0
35315.0,2,29.0
35320.0,2,22.0
35325.0,2,26.0
35330.0,1,6.0
35335.0,6,22.0
35340.0,9,47.0
35345.0,7,58.0
35350.0,2,61.0
35355.0,7,73.0
35360.0,9,94.0
35365.0,4,78.0
35370.0,1,45.0
35375.0,5,32.0
35380.0,2,25.0
35385.0,6,27.0
35390.0,6,43.0
35395.0,2,35.0
35400.0,2,22.0
35405.0,8,45.0
35410.0,6,61.0
35415.0,1,47.0
35420.0,3,24.0
35425.0,1,15.0
35430.0,8,40.0
35435.0,8,64.0
35440.0,6,62.0
35445.0,2,47.0
35450.0,2,33.0
35455.0,1,19.0
35460.0,6,38.0
35465.0,7,57.0
35470.0,4,48.0
35475.0,2,29.0
35480.0,2,21.0
35485.0,0,8.0
35490.0,6,28.0
35495.0,6,48.0
35500.0,4,37.0
35505.0,1,27.0
35510.0,1,19.0
35515.0,1,7.0
35520.0,7,31.0
35525.0,8,52.0
35530.0,1,39.0
35535.0,1,17.0
35540.0,2,12.0
35545.0,8,36.0
35550.0,6,55.0
35555.0,3,43.0
35560.0,4,51.0
35565.0,9,82.0
35570.0,6,91.0
35575.0,1,46.0
35580.0,2,16.0
35585.0,2,2.0
35590.0,7,26.0
35595.0,7,51.0
35600.0,3,45.0
35605.0,1,21.0
35610.0,0,17.0
35615.0,8,41.0
35620.0,9,67.0
35625.0,4,63.0
35630.0,3,62.0
35635.0,8,78.0
35640.0,8,90.0
35645.0,5,71.0
35650.0,4,56.0
35655.0,4,60.0
35660.0,0,39.0
35665.0,6,38.0
35670.0,6,52.0
35675.0,0,25.0
35680.0,0,6.0
35685.0,0,0.0
35690.0,0,0.0
35695.0,7,19.0
35700.0,5,41.0
35705.0,3,34.0
35710.0,4,28.0
35715.0,2,21.0
35720.0,7,30.0
35725.0,5,50.0
35730.0,0,28.0
35735.0,1,2.0
35740.0,2,3.0
35745.0,7,30.0
35750.0,4,42.0
35755.0,1,20.0
35760.0,1,10.0
35765.0,0,0.0
35770.0,7,21.0
35775.0,4,40.0
35780.0,0,21.0
35785.0,2,11.0
35790.0,2,7.0
35795.0,7,27.0
35800.0,11,74.0
35805.0,8,98.0
35810.0,5,82.0
35815.0,2,39.0
35820.0,3,33.0
35825.0,1,8.0
35830.0,7,21.0
35835.0,4,39.0
35840.0,1,29.0
35845.0,2,15.0
35850.0,2,19.0
35855.0,2,6.0
35860.0,8,32.0
35865.0,8,58.0
35870.0,2,48.0
35875.0,0,16.0
35880.0,3,8.0
35885.0,1,6.0
35890.0,7,25.0
35895.0,7,49.0
35900.0,3,48.0
35905.0,1,26.0
35910.0,2,14.0
35915.0,2,3.0
35920.0,6,24.0
35925.0,4,38.0
35930.0,2,21.0
35935.0,2,16.0
35940.0,4,28.0
35945.0,0,8.0
35950.0,3,11.0
35955.0,0,11.0
35960.0,2,5.0
35965.0,0,0.0
35970.0,5,10.0
35975.0,2,18.0
35980.0,1,6.0
35985.0,3,13.0
35990.0,9,44.0
35995.0,8,69.0
36000.0,2,58.0
36005.0,2,26.0
36010.0,2,22.0
36015.0,1,1.0
36020.0,6,18.0
36025.0,11,66.0
36030.0,10,98.0
36035.0,2,79.0
36040.0,2,32.0
36045.0,4,33.0
36050.0,1,17.0
36055.0,7,23.0
36060.0,7,46.0
36065.0,1,36.0
36070.0,1,15.0
36075.0,3,14.0
36080.0,1,9.0
36085.0,7,24.0
36090.0,12,75.0
36095.0,18,155.0
36100.0,17,211.0
36105.0,9,192.0
36110.0,6,161.0
36115.0,1,144.0
36120.0,6,164.0
36125.0,7,165.0
36130.0,5,127.0
36135.0,4,64.0
36140.0,5,54.0
36145.0,1,36.0
36150.0,7,35.0
36155.0,8,60.0
36160.0,4,59.0
36165.0,2,37.0
36170.0,1,14.0
36175.0,7,41.0
36180.0,7,61.0
36185.0,6,56.0
36190.0,6,56.0
36195.0,3,52.0
36200.0,8,67.0
36205.0,8,88.0
36210.0,7,82.0
36215.0,6,68.0
36220.0,7,79.0
36225.0,5,75.0
36230.0,7,59.0
36235.0,13,94.0
36240.0,19,177.0
36245.0,21,279.0
36250.0,17,326.0
36255.0,11,298.0
36260.0,5,215.0
36265.0,2,137.0
36270.0,2,105.0
36275.0,7,130.0
36280.0,7,121.0
36285.0,6,77.0
36290.0,5,96.0
36295.0,8,126.0
36300.0,11,132.0
36305.0,11,126.0
36310.0,4,122.0
36315.0,6,129.0
36320.0,6,131.0
36325.0,6,96.0
36330.0,4,77.0
36335.0,5,71.0
36340.0,2,55.0
36345.0,7,46.0
36350.0,7,60.0
36355.0,4,46.0
36360.0,2,32.0
36365.0,1,21.0
36370.0,1,14.0
36375.0,7,39.0
36380.0,7,60.0
36385.0,5,57.0
36390.0,3,42.0
36395.0,1,31.0
36400.0,9,56.0
36405.0,10,84.0
36410.0,5,73.0
36415.0,4,76.0
36420.0,9,80.0
36425.0,9,93.0
36430.0,2,57.0
36435.0,4,39.0
36440.0,2,27.0
36445.0,7,39.0
36450.0,6,55.0
36455.0,2,43.0
36460.0,3,35.0
36465.0,7,60.0
36470.0,14,118.0
36475.0,13,156.0
36480.0,5,134.0
36485.0,2,125.0
36490.0,8,153.0
36495.0,9,160.0
36500.0,3,114.0
36505.0,1,35.0
36510.0,1,13.0
36515.0,2,6.0
36520.0,6,29.0
36525.0,6,47.0
36530.0,2,38.0
36535.0,3,24.0
36540.0,1,17.0
36545.0,7,31.0
36550.0,11,77.0
36555.0,9,102.0
36560.0,3,87.0
36565.0,1,42.0
36570.0,2,24.0
36575.0,1,6.0
36580.0,7,23.0
36585.0,4,36.0
36590.0,1,18.0
36595.0,1,9.0
36600.0,1,1.0
36605.0,7,24.0
36610.0,3,34.0
36615.0,1,12.0
36620.0,2,11.0
36625.0,2,21.0
36630.0,1,1.0
36635.0,4,15.0
36640.0,6,43.0
36645.0,6,73.0
36650.0,8,108.0
36655.0,11,158.0
36660.0,15,226.0
36665.0,17,307.0
36670.0,19,396.0
36675.0,21,498.0
36680.0,25,614.0
36685.0,30,752.0
36690.0,33,910.0
36695.0,35,1079.0
36700.0,38,1259.0
36705.0,32,1293.0
36710.0,24,1154.0
36715.0,16,974.0
36720.0,6,952.0
36725.0,7,983.0
36730.0,6,904.0
36735.0,4,719.0
36740.0,8,530.0
36745.0,6,331.0
36750.0,4,329.0
36755.0,8,310.0
36760.0,8,261.0
36765.0,5,142.0
36770.0,2,106.0
36775.0,8,130.0
36780.0,7,98.0
36785.0,4,80.0
36790.0,2,38.0
36795.0,2,42.0
36800.0,8,69.0
36805.0,7,88.0
36810.0,4,73.0
36815.0,0,36.0
36820.0,1,22.0
36825.0,2,17.0
36830.0,8,43.0
36835.0,7,66.0
36840.0,4,54.0
36845.0,3,37.0
36850.0,3,31.0
36855.0,1,23.0
36860.0,8,37.0
36865.0,6,57.0
36870.0,6,53.0
36875.0,4,54.0
36880.0,1,40.0
36885.0,5,41.0
36890.0,7,58.0
36895.0,1,45.0
36900.0,1,18.0
36905.0,3,18.0
36910.0,2,11.0
36915.0,6,21.0
36920.0,7,40.0
36925.0,5,44.0
36930.0,3,41.0
36935.0,3,39.0
36940.0,7,53.0
36945.0,10,80.0
36950.0,9,84.0
36955.0,4,93.0
36960.0,8,118.0
36965.0,9,135.0
36970.0,6,114.0
36975.0,9,91.0
36980.0,2,101.0
36985.0,8,119.0
36990.0,8,127.0
36995.0,6,98.0
37000.0,5,84.0
37005.0,4,67.0
37010.0,1,43.0
37015.0,6,50.0
37020.0,7,65.0
37025.0,3,44.0
37030.0,2,28.0
37035.0,3,26.0
37040.0,8,55.0
37045.0,8,76.0
37050.0,5,65.0
37055.0,4,53.0
37060.0,3,43.0
37065.0,1,28.0
37070.0,7,44.0
37075.0,12,94.0
37080.0,14,136.0
37085.0,11,140.0
37090.0,7,122.0
37095.0,4,108.0
37100.0,2,82.0
37105.0,7,85.0
37110.0,9,99.0
37115.0,7,88.0
37120.0,4,103.0
37125.0,9,130.0
37130.0,10,141.0
37135.0,8,119.0
37140.0,6,94.0
37145.0,5,79.0
37150.0,1,69.0
37155.0,6,56.0
37160.0,6,67.0
37165.0,4,55.0
37170.0,2,37.0
37175.0,2,30.0
37180.0,2,14.0
37185.0,6,33.0
37190.0,6,51.0
37195.0,2,39.0
37200.0,0,19.0
37205.0,2,16.0
37210.0,2,18.0
37215.0,1,2.0
37220.0,5,20.0
37225.0,5,37.0
37230.0,2,23.0
37235.0,3,22.0
37240.0,2,9.0
37245.0,7,24.0
37250.0,5,43.0
37255.0,0,26.0
37260.0,1,5.0
37265.0,1,7.0
37270.0,2,2.0
37275.0,7,25.0
37280.0,2,34.0
37285.0,0,9.0
37290.0,2,7.0
37295.0,7,36.0
37300.0,9,81.0
37305.0,7,98.0
37310.0,2,68.0
37315.0,2,29.0
37320.0,2,28.0
37325.0,1,6.0
37330.0,7,27.0
37335.0,11,73.0
37340.0,13,131.0
37345.0,8,147.0
37350.0,1,101.0
37355.0,2,31.0
37360.0,3,27.0
37365.0,1,7.0
37370.0,4,17.0
37375.0,2,21.0
37380.0,1,8.0
37385.0,1,4.0
37390.0,5,22.0
37395.0,4,36.0
37400.0,1,17.0
37405.0,2,7.0
37410.0,2,3.0
37415.0,7,29.0
37420.0,6,52.0
37425.0,3,39.0
37430.0,1,37.0
37435.0,6,53.0
37440.0,7,66.0
37445.0,3,44.0
37450.0,2,25.0
37455.0,1,14.0
37460.0,6,32.0
37465.0,6,48.0
37470.0,1,27.0
37475.0,2,16.0
37480.0,2,23.0
37485.0,1,3.0
37490.0,3,14.0
37495.0,8,44.0
37500.0,7,63.0
37505.0,1,48.0
37510.0,1,19.0
37515.0,1,11.0
37520.0,2,3.0
37525.0,6,24.0
37530.0,3,39.0
37535.0,2,21.0
37540.0,2,17.0
37545.0,0,0.0
37550.0,6,18.0
37555.0,2,28.0
37560.0,1,12.0
37565.0,1,10.0
37570.0,2,16.0
37575.0,0,0.0
37580.0,4,10.0
37585.0,7,36.0
37590.0,5,50.0
37595.0,1,19.0
37600.0,2,9.0
37605.0,2,4.0
37610.0,5,21.0
37615.0,1,23.0
37620.0,3,9.0
37625.0,2,7.0
37630.0,7,29.0
37635.0,5,46.0
37640.0,1,26.0
37645.0,2,13.0
37650.0,2,4.0
37655.0,6,23.0
37660.0,7,45.0
37665.0,5,47.0
37670.0,0,46.0
37675.0,7,57.0
37680.0,8,77.0
37685.0,7,65.0
37690.0,2,54.0
37695.0,1,35.0
37700.0,0,25.0
37705.0,7,44.0
37710.0,6,62.0
37715.0,2,50.0
37720.0,1,25.0
37725.0,2,17.0
37730.0,1,2.0
37735.0,5,18.0
37740.0,4,29.0
37745.0,0,15.0
37750.0,0,2.0
37755.0,2,8.0
37760.0,1,1.0
37765.0,6,19.0
37770.0,3,33.0
37775.0,2,18.0
37780.0,2,6.0
37785.0,7,29.0
37790.0,2,34.0
37795.0,0,9.0
37800.0,0,0.0
37805.0,2,3.0
37810.0,7,29.0
37815.0,11,79.0
37820.0,18,157.0
37825.0,16,212.0
37830.0,9,187.0
37835.0,4,143.0
37840.0,2,133.0
37845.0,7,157.0
37850.0,13,209.0
37855.0,15,230.0
37860.0,11,202.0
37865.0,7,133.0
37870.0,3,104.0
37875.0,1,77.0
37880.0,7,91.0
37885.0,6,103.0
37890.0,6,72.0
37895.0,4,49.0
37900.0,4,52.0
37905.0,1,31.0
37910.0,7,33.0
37915.0,8,52.0
37920.0,6,51.0
37925.0,6,53.0
37930.0,6,65.0
37935.0,0,51.0
37940.0,7,25.0
37945.0,7,47.0
37950.0,2,39.0
37955.0,2,23.0
37960.0,2,12.0
37965.0,6,36.0
37970.0,5,42.0
37975.0,3,20.0
37980.0,0,13.0
37985.0,6,30.0
37990.0,7,49.0
37995.0,2,40.0
38000.0,2,25.0
38005.0,2,12.0
38010.0,8,37.0
38015.0,3,45.0
38020.0,4,28.0
38025.0,2,26.0
38030.0,7,43.0
38035.0,5,60.0
38040.0,1,31.0
38045.0,3,29.0
38050.0,7,56.0
38055.0,2,50.0
38060.0,0,8.0
38065.0,1,1.0
38070.0,7,23.0
38075.0,7,45.0
38080.0,2,34.0
38085.0,4,34.0
38090.0,8,66.0
38095.0,9,89.0
38100.0,6,79.0
38105.0,4,64.0
38110.0,1,53.0
38115.0,6,49.0
38120.0,6,59.0
38125.0,4,39.0
38130.0,2,32.0
38135.0,2,31.0
38140.0,0,8.0
38145.0,5,22.0
38150.0,5,36.0
38155.0,4,34.0
38160.0,4,34.0
38165.0,2,28.0
38170.0,8,41.0
38175.0,8,68.0
38180.0,4,61.0
38185.0,4,69.0
38190.0,8,102.0
38195.0,8,116.0
38200.0,4,91.0
38205.0,2,47.0
38210.0,3,34.0
38215.0,2,24.0
38220.0,6,39.0
38225.0,7,58.0
38230.0,2,36.0
38235.0,3,18.0
38240.0,2,11.0
38245.0,7,33.0
38250.0,6,52.0
38255.0,1,36.0
38260.0,4,24.0
38265.0,4,40.0
38270.0,3,35.0
38275.0,6,24.0
38280.0,5,41.0
38285.0,2,35.0
38290.0,3,31.0
38295.0,1,9.0
38300.0,6,21.0
38305.0,6,38.0
38310.0,1,30.0
38315.0,1,14.0
38320.0,3,21.0
38325.0,2,8.0
38330.0,7,28.0
38335.0,5,45.0
38340.0,2,34.0
38345.0,2,30.0
38350.0,8,52.0
38355.0,13,108.0
38360.0,19,197.0
38365.0,17,247.0
38370.0,10,233.0
38375.0,4,168.0
38380.0,3,122.0
38385.0,1,79.0
38390.0,7,97.0
38395.0,9,104.0
38400.0,4,64.0
38405.0,2,34.0
38410.0,3,30.0
38415.0,1,11.0
38420.0,6,21.0
38425.0,4,35.0
38430.0,5,32.0
38435.0,4,41.0
38440.0,9,57.0
38445.0,7,72.0
38450.0,4,57.0
38455.0,3,36.0
38460.0,1,22.0
38465.0,6,37.0
38470.0,6,52.0
38475.0,0,32.0
38480.0,1,8.0
38485.0,2,8.0
38490.0,6,28.0
38495.0,4,42.0
38500.0,0,15.0
38505.0,1,11.0
38510.0,7,35.0
38515.0,5,50.0
38520.0,0,27.0
38525.0,0,0.0
38530.0,1,2.0
38535.0,8,29.0
38540.0,7,54.0
38545.0,3,37.0
38550.0,2,29.0
38555.0,3,35.0
38560.0,3,50.0
38565.0,1,15.0
38570.0,3,14.0
38575.0,4,30.0
38580.0,0,16.0
38585.0,0,0.0
38590.0,1,1.0
38595.0,6,19.0
38600.0,7,54.0
38605.0,2,57.0
38610.0,0,15.0
38615.0,0,0.0
38620.0,1,4.0
38625.0,1,1.0
38630.0,5,22.0
38635.0,2,33.0
38640.0,1,11.0
38645.0,2,11.0
38650.0,1,7.0
38655.0,7,27.0
38660.0,3,44.0
38665.0,0,14.0
38670.0,1,2.0
38675.0,3,10.0
38680.0,2,7.0
38685.0,7,27.0
38690.0,4,41.0
38695.0,2,21.0
38700.0,4,26.0
38705.0,8,57.0
38710.0,9,79.0
38715.0,3,63.0
38720.0,3,37.0
38725.0,0,20.0
38730.0,7,39.0
38735.0,6,55.0
38740.0,1,36.0
38745.0,3,18.0
38750.0,3,29.0
38755.0,0,10.0
38760.0,5,17.0
38765.0,6,36.0
38770.0,2,30.0
38775.0,2,18.0
38780.0,3,23.0
38785.0,0,4.0
38790.0,5,17.0
38795.0,4,33.0
38800.0,2,21.0
38805.0,3,19.0
38810.0,7,48.0
38815.0,4,56.0
38820.0,0,22.0
38825.0,0,0.0
38830.0,1,2.0
38835.0,0,2.0
38840.0,2,6.0
38845.0,0,2.0
38850.0,1,1.0
38855.0,1,1.0
38860.0,3,9.0
38865.0,4,29.0
38870.0,1,21.0
38875.0,2,5.0
38880.0,1,4.0
38885.0,8,30.0
38890.0,7,51.0
38895.0,2,45.0
38900.0,3,27.0
38905.0,5,39.0
38910.0,1,25.0
38915.0,6,19.0
38920.0,5,34.0
38925.0,1,21.0
38930.0,2,13.0
38935.0,1,2.0
38940.0,7,28.0
38945.0,4,44.0
38950.0,2,24.0
38955.0,3,26.0
38960.0,7,51.0
38965.0,12,103.0
38970.0,9,121.0
38975.0,2,82.0
38980.0,2,31.0
38985.0,3,33.0
38990.0,0,11.0
38995.0,6,18.0
39000.0,7,52.0
39005.0,8,88.0
39010.0,7,95.0
39015.0,1,47.0
39020.0,0,9.0
39025.0,0,1.0
39030.0,0,0.0
39035.0,0,0.0
39040.0,5,16.0
39045.0,2,26.0
39050.0,1,13.0
39055.0,2,15.0
39060.0,2,25.0
39065.0,1,2.0
39070.0,4,14.0
39075.0,3,24.0
39080.0,1,16.0
39085.0,2,13.0
39090.0,1,2.0
39095.0,6,24.0
39100.0,8,58.0
39105.0,4,66.0
39110.0,2,22.0
39115.0,3,25.0
39120.0,2,17.0
39125.0,7,28.0
39130.0,9,72.0
39135.0,14,131.0
39140.0,9,157.0
39145.0,3,114.0
39150.0,3,50.0
39155.0,2,50.0
39160.0,7,63.0
39165.0,9,73.0
39170.0,4,55.0
39175.0,3,48.0
39180.0,4,44.0
39185.0,2,25.0
39190.0,8,32.0
39195.0,7,50.0
39200.0,1,42.0
39205.0,3,46.0
39210.0,8,77.0
39215.0,15,141.0
39220.0,15,182.0
39225.0,13,186.0
39230.0,12,174.0
39235.0,4,190.0
39240.0,8,211.0
39245.0,10,220.0
39250.0,5,188.0
39255.0,4,128.0
39260.0,2,142.0
39265.0,8,172.0
39270.0,9,182.0
39275.0,7,126.0
39280.0,7,92.0
39285.0,3,94.0
39290.0,8,116.0
39295.0,10,128.0
39300.0,6,111.0
39305.0,7,85.0
39310.0,6,90.0
39315.0,3,70.0
39320.0,7,50.0
39325.0,9,69.0
39330.0,6,70.0
39335.0,2,47.0
39340.0,6,62.0
39345.0,7,75.0
39350.0,4,56.0
39355.0,2,27.0
39360.0,3,24.0
39365.0,2,11.0
39370.0,7,30.0
39375.0,11,78.0
39380.0,9,103.0
39385.0,3,85.0
39390.0,3,41.0
39395.0,0,20.0
39400.0,6,35.0
39405.0,4,45.0
39410.0,1,22.0
39415.0,2,16.0
39420.0,2,4.0
39425.0,8,26.0
39430.0,4,45.0
39435.0,0,26.0
39440.0,0,2.0
39445.0,2,6.0
39450.0,1,3.0
39455.0,5,19.0
39460.0,4,35.0
39465.0,1,15.0
39470.0,2,14.0
39475.0,8,37.0
39480.0,11,87.0
39485.0,9,106.0
39490.0,3,84.0
39495.0,2,41.0
39500.0,2,26.0
39505.0,2,8.0
39510.0,6,29.0
39515.0,7,49.0
39520.0,1,35.0
39525.0,1,19.0
39530.0,3,20.0
39535.0,1,10.0
39540.0,6,17.0
39545.0,3,28.0
39550.0,1,11.0
39555.0,2,9.0
39560.0,2,19.0
39565.0,1,1.0
39570.0,3,13.0
39575.0,6,40.0
39580.0,10,85.0
39585.0,13,144.0
39590.0,15,216.0
39595.0,18,301.0
39600.0,19,394.0
39605.0,22,498.0
39610.0,27,625.0
39615.0,30,768.0
39620.0,29,813.0
39625.0,25,748.0
39630.0,18,839.0
39635.0,15,910.0
39640.0,10,862.0
39645.0,7,702.0
39650.0,6,473.0
39655.0,4,345.0
39660.0,1,299.0
39665.0,6,310.0
39670.0,6,274.0
39675.0,4,180.0
39680.0,2,70.0
39685.0,2,42.0
39690.0,1,12.0
39695.0,7,31.0
39700.0,6,47.0
39705.0,4,41.0
39710.0,1,29.0
39715.0,3,26.0
39720.0,0,12.0
39725.0,6,23.0
39730.0,6,40.0
39735.0,2,36.0
39740.0,2,23.0
39745.0,2,12.0
39750.0,6,36.0
39755.0,5,51.0
39760.0,4,36.0
39765.0,5,34.0
39770.0,2,30.0
39775.0,7,25.0
39780.0,8,53.0
39785.0,3,53.0
39790.0,4,40.0
39795.0,1,29.0
39800.0,6,24.0
39805.0,8,43.0
39810.0,3,46.0
39815.0,3,45.0
39820.0,8,69.0
39825.0,6,82.0
39830.0,1,48.0
39835.0,3,21.0
39840.0,2,13.0
39845.0,6,27.0
39850.0,8,48.0
39855.0,2,43.0
39860.0,3,29.0
39865.0,6,44.0
39870.0,3,36.0
39875.0,6,26.0
39880.0,6,48.0
39885.0,2,46.0
39890.0,4,38.0
39895.0,4,50.0
39900.0,0,21.0
39905.0,5,17.0
39910.0,7,46.0
39915.0,5,60.0
39920.0,0,25.0
39925.0,1,5.0
39930.0,2,12.0
39935.0,0,0.0
39940.0,4,12.0
39945.0,2,21.0
39950.0,0,4.0
39955.0,1,1.0
39960.0,1,6.0
39965.0,1,1.0
39970.0,2,9.0
39975.0,6,32.0
39980.0,11,77.0
39985.0,16,151.0
39990.0,17,233.0
39995.0,13,257.0
40000.0,7,218.0
40005.0,2,126.0
40010.0,3,71.0
40015.0,2,40.0
40020.0,6,50.0
40025.0,8,57.0
40030.0,5,51.0
40035.0,2,47.0
40040.0,2,38.0
40045.0,1,15.0
40050.0,7,39.0
40055.0,8,62.0
40060.0,2,52.0
40065.0,1,23.0
40070.0,2,13.0
40075.0,1,1.0
40080.0,6,19.0
40085.0,7,44.0
40090.0,6,55.0
40095.0,5,57.0
40100.0,1,49.0
40105.0,8,47.0
40110.0,9,76.0
40115.0,2,67.0
40120.0,3,41.0
40125.0,2,25.0
40130.0,6,41.0
40135.0,7,54.0
40140.0,3,44.0
40145.0,1,27.0
40150.0,2,25.0
40155.0,1,3.0
40160.0,7,24.0
40165.0,8,51.0
40170.0,6,55.0
40175.0,4,50.0
40180.0,2,44.0
40185.0,1,21.0
40190.0,6,35.0
40195.0,6,51.0
40200.0,1,32.0
40205.0,3,24.0
40210.0,2,18.0
40215.0,8,35.0
40220.0,7,58.0
40225.0,1,47.0
40230.0,3,23.0
40235.0,3,19.0
40240.0,8,42.0
40245.0,8,64.0
40250.0,1,45.0
40255.0,1,14.0
40260.0,2,16.0
40265.0,6,39.0
40270.0,7,48.0
40275.0,1,32.0
40280.0,2,12.0
40285.0,2,13.0
40290.0,2,22.0
40295.0,0,3.0
40300.0,4,13.0
40305.0,2,21.0
40310.0,0,4.0
40315.0,3,10.0
40320.0,8,38.0
40325.0,7,59.0
40330.0,3,53.0
40335.0,2,30.0
40340.0,3,31.0
40345.0,1,10.0
40350.0,7,23.0
40355.0,7,47.0
40360.0,1,40.0
40365.0,1,30.0
40370.0,6,48.0
40375.0,6,64.0
40380.0,0,40.0
40385.0,1,14.0
40390.0,2,11.0
40395.0,1,1.0
40400.0,6,20.0
40405.0,8,45.0
40410.0,0,35.0
40415.0,0,10.0
40420.0,0,0.0
40425.0,0,0.0
40430.0,6,18.0
40435.0,4,34.0
40440.0,0,16.0
40445.0,0,0.0
40450.0,1,1.0
40455.0,3,11.0
40460.0,7,39.0
40465.0,10,82.0
40470.0,5,90.0
40475.0,3,45.0
40480.0,1,41.0
40485.0,8,57.0
40490.0,7,64.0
40495.0,2,44.0
40500.0,1,20.0
40505.0,2,16.0
40510.0,8,42.0
40515.0,7,61.0
40520.0,1,41.0
40525.0,1,30.0
40530.0,7,52.0
40535.0,8,67.0
40540.0,5,58.0
40545.0,2,54.0
40550.0,9,70.0
40555.0,15,129.0
40560.0,11,162.0
40565.0,6,138.0
40570.0,3,87.0
40575.0,1,54.0
40580.0,3,44.0
40585.0,8,73.0
40590.0,8,86.0
40595.0,8,80.0
40600.0,2,65.0
40605.0,6,79.0
40610.0,7,82.0
40615.0,6,71.0
40620.0,3,72.0
40625.0,8,93.0
40630.0,8,105.0
40635.0,5,83.0
40640.0,4,54.0
40645.0,2,44.0
40650.0,1,28.0
40655.0,6,44.0
40660.0,7,63.0
40665.0,4,58.0
40670.0,0,48.0
40675.0,7,72.0
40680.0,8,90.0
40685.0,5,64.0
40690.0,1,42.0
40695.0,3,32.0
40700.0,1,20.0
40705.0,6,29.0
40710.0,8,49.0
40715.0,2,42.0
40720.0,1,26.0
40725.0,3,22.0
40730.0,0,6.0
40735.0,6,17.0
40740.0,5,37.0
40745.0,0,20.0
40750.0,1,1.0
40755.0,2,5.0
40760.0,7,29.0
40765.0,11,76.0
40770.0,7,97.0
40775.0,1,61.0
40780.0,1,21.0
40785.0,1,12.0
40790.0,1,1.0
40795.0,7,22.0
40800.0,7,47.0
40805.0,4,49.0
40810.0,1,40.0
40815.0,1,30.0
40820.0,3,19.0
40825.0,8,45.0
40830.0,8,65.0
40835.0,2,57.0
40840.0,4,34.0
40845.0,2,31.0
40850.0,8,49.0
40855.0,8,69.0
40860.0,4,64.0
40865.0,3,49.0
40870.0,3,47.0
40875.0,1,21.0
40880.0,6,29.0
40885.0,6,48.0
40890.0,4,44.0
40895.0,4,35.0
40900.0,5,44.0
40905.0,2,35.0
40910.0,8,32.0
40915.0,11,82.0
40920.0,7,99.0
40925.0,0,61.0
40930.0,0,6.0
40935.0,2,2.0
40940.0,2,6.0
40945.0,5,18.0
40950.0,2,26.0
40955.0,2,10.0
40960.0,1,7.0
40965.0,7,27.0
40970.0,5,49.0
40975.0,1,30.0
40980.0,2,35.0
40985.0,8,63.0
40990.0,8,78.0
40995.0,5,65.0
41000.0,3,49.0
41005.0,3,45.0
41010.0,2,22.0
41015.0,7,35.0
41020.0,6,52.0
41025.0,2,39.0
41030.0,2,22.0
41035.0,3,24.0
41040.0,1,12.0
41045.0,5,22.0
41050.0,6,37.0
41055.0,3,36.0
41060.0,3,27.0
41065.0,2,18.0
41070.0,8,41.0
41075.0,12,92.0
41080.0,10,118.0
41085.0,4,82.0
41090.0,2,45.0
41095.0,4,30.0
41100.0,1,14.0
41105.0,7,26.0
41110.0,7,48.0
41115.0,0,30.0
41120.0,2,34.0
41125.0,7,62.0
41130.0,8,81.0
41135.0,6,70.0
41140.0,4,59.0
41145.0,6,63.0
41150.0,6,82.0
41155.0,2,65.0
41160.0,5,23.0
41165.0,5,36.0
41170.0,1,18.0
41175.0,1,10.0
41180.0,1,13.0
41185.0,1,1.0
41190.0,5,17.0
41195.0,7,47.0
41200.0,3,51.0
41205.0,3,27.0
41210.0,1,14.0
41215.0,7,35.0
41220.0,8,60.0
41225.0,4,50.0
41230.0,3,53.0
41235.0,8,80.0
41240.0,8,93.0
41245.0,5,70.0
41250.0,2,38.0
41255.0,2,34.0
41260.0,7,58.0
41265.0,9,79.0
41270.0,6,77.0
41275.0,3,60.0
41280.0,3,51.0
41285.0,2,27.0
41290.0,7,37.0
41295.0,12,87.0
41300.0,10,113.0
41305.0,4,95.0
41310.0,3,51.0
41315.0,2,37.0
41320.0,8,57.0
41325.0,7,69.0
41330.0,5,57.0
41335.0,3,39.0
41340.0,2,40.0
41345.0,7,60.0
41350.0,9,80.0
41355.0,4,70.0
41360.0,2,52.0
41365.0,3,37.0
41370.0,2,31.0
41375.0,6,40.0
41380.0,7,58.0
41385.0,1,39.0
41390.0,0,12.0
41395.0,2,5.0
41400.0,0,0.0
41405.0,7,20.0
41410.0,8,49.0
41415.0,6,55.0
41420.0,2,55.0
41425.0,8,73.0
41430.0,9,90.0
41435.0,6,82.0
41440.0,3,77.0
41445.0,8,100.0
41450.0,8,118.0
41455.0,5,95.0
41460.0,3,90.0
41465.0,8,115.0
41470.0,8,120.0
41475.0,6,89.0
41480.0,3,62.0
41485.0,2,63.0
41490.0,8,89.0
41495.0,8,100.0
41500.0,4,75.0
41505.0,3,47.0
41510.0,1,39.0
41515.0,7,55.0
41520.0,7,72.0
41525.0,5,49.0
41530.0,4,44.0
41535.0,4,46.0
41540.0,0,34.0
41545.0,6,31.0
41550.0,6,51.0
41555.0,2,44.0
41560.0,2,31.0
41565.0,4,33.0
41570.0,1,16.0
41575.0,4,14.0
41580.0,2,22.0
41585.0,2,11.0
41590.0,3,19.0
41595.0,0,10.0
41600.0,4,17.0
41605.0,2,23.0
41610.0,2,12.0
41615.0,3,22.0
41620.0,5,45.0
41625.0,1,31.0
41630.0,7,25.0
41635.0,6,48.0
41640.0,4,38.0
41645.0,6,48.0
41650.0,1,40.0
41655.0,6,22.0
41660.0,4,34.0
41665.0,0,16.0
41670.0,3,23.0
41675.0,9,58.0
41680.0,6,69.0
41685.0,1,45.0
41690.0,3,24.0
41695.0,1,13.0
41700.0,7,35.0
41705.0,4,47.0
41710.0,0,27.0
41715.0,2,13.0
41720.0,0,7.0
41725.0,7,29.0
41730.0,8,54.0
41735.0,3,52.0
41740.0,2,34.0
41745.0,3,25.0
41750.0,8,54.0
41755.0,6,67.0
41760.0,1,28.0
41765.0,2,10.0
41770.0,4,24.0
41775.0,2,20.0
41780.0,7,25.0
41785.0,3,37.0
41790.0,1,17.0
41795.0,1,11.0
41800.0,2,18.0
41805.0,0,0.0
41810.0,3,5.0
41815.0,9,41.0
41820.0,4,57.0
41825.0,1,23.0
41830.0,1,10.0
41835.0,3,25.0
41840.0,5,49.0
41845.0,2,39.0
41850.0,5,21.0
41855.0,1,26.0
41860.0,3,20.0
41865.0,4,17.0
41870.0,8,33.0
41875.0,8,59.0
41880.0,4,61.0
41885.0,4,47.0
41890.0,2,36.0
41895.0,7,49.0
41900.0,9,71.0
41905.0,5,65.0
41910.0,3,51.0
41915.0,2,41.0
41920.0,2,18.0
41925.0,8,43.0
41930.0,7,61.0
41935.0,6,55.0
41940.0,3,42.0
41945.0,4,44.0
41950.0,2,31.0
41955.0,6,37.0
41960.0,9,56.0
41965.0,2,46.0
41970.0,3,31.0
41975.0,2,19.0
41980.0,7,42.0
41985.0,9,63.0
41990.0,4,59.0
41995.0,3,43.0
42000.0,5,51.0
42005.0,1,34.0
42010.0,6,28.0
42015.0,12,78.0
42020.0,10,106.0
42025.0,6,93.0
42030.0,0,85.0
42035.0,6,104.0
42040.0,8,111.0
42045.0,7,88.0
42050.0,4,60.0
42055.0,6,66.0
42060.0,1,50.0
42065.0,6,31.0
42070.0,4,40.0
42075.0,2,26.0
42080.0,2,21.0
42085.0,3,22.0
42090.0,2,15.0
42095.0,8,33.0
42100.0,7,55.0
42105.0,1,42.0
42110.0,3,30.0
42115.0,5,41.0
42120.0,0,25.0
42125.0,6,19.0
42130.0,5,40.0
42135.0,0,26.0
42140.0,1,4.0
42145.0,3,7.0
42150.0,7,33.0
42155.0,9,75.0
42160.0,6,90.0
42165.0,1,46.0
42170.0,2,48.0
42175.0,7,72.0
42180.0,8,85.0
42185.0,4,70.0
42190.0,1,45.0
42195.0,1,29.0
42200.0,2,24.0
42205.0,0,0.0
42210.0,6,17.0
42215.0,11,62.0
42220.0,9,95.0
42225.0,2,78.0
42230.0,2,44.0
42235.0,3,23.0
42240.0,1,9.0
42245.0,7,25.0
42250.0,5,45.0
42255.0,1,28.0
42260.0,1,7.0
42265.0,3,17.0
42270.0,1,5.0
42275.0,6,23.0
42280.0,4,39.0
42285.0,3,24.0
42290.0,2,25.0
42295.0,7,39.0
42300.0,12,90.0
42305.0,12,122.0
42310.0,6,112.0
42315.0,3,118.0
42320.0,8,131.0
42325.0,10,141.0
42330.0,6,104.0
42335.0,2,58.0
42340.0,2,51.0
42345.0,2,42.0
42350.0,2,4.0
42355.0,6,24.0
42360.0,7,49.0
42365.0,3,41.0
42370.0,2,41.0
42375.0,8,67.0
42380.0,12,96.0
42385.0,3,80.0
42390.0,3,48.0
42395.0,2,41.0
42400.0,8,61.0
42405.0,13,115.0
42410.0,10,141.0
42415.0,6,113.0
42420.0,2,87.0
42425.0,7,108.0
42430.0,8,116.0
42435.0,4,73.0
42440.0,2,41.0
42445.0,3,32.0
42450.0,1,13.0
42455.0,8,30.0
42460.0,10,61.0
42465.0,9,81.0
42470.0,9,92.0
42475.0,4,94.0
42480.0,8,84.0
42485.0,14,127.0
42490.0,13,166.0
42495.0,7,152.0
42500.0,2,92.0
42505.0,2,64.0
42510.0,2,36.0
42515.0,1,2.0
42520.0,6,22.0
42525.0,4,42.0
42530.0,0,25.0
42535.0,1,5.0
42540.0,2,11.0
42545.0,1,1.0
42550.0,3,11.0
42555.0,0,8.0
42560.0,0,0.0
42565.0,0,0.0
42570.0,0,0.0
42575.0,3,11.0
42580.0,4,28.0
42585.0,4,48.0
42590.0,0,28.0
42595.0,1,5.0
42600.0,2,11.0
42605.0,0,0.0
42610.0,5,18.0
42615.0,3,28.0
42620.0,0,8.0
42625.0,1,2.0
42630.0,2,3.0
42635.0,8,30.0
42640.0,8,59.0
42645.0,4,58.0
42650.0,4,42.0
42655.0,2,29.0
42660.0,7,37.0
42665.0,8,56.0
42670.0,6,61.0
42675.0,4,52.0
42680.0,2,40.0
42685.0,1,18.0
42690.0,7,41.0
42695.0,7,59.0
42700.0,4,53.0
42705.0,3,38.0
42710.0,2,32.0
42715.0,8,47.0
42720.0,6,61.0
42725.0,2,38.0
42730.0,4,24.0
42735.0,1,17.0
42740.0,3,15.0
42745.0,1,11.0
42750.0,0,1.0
42755.0,1,2.0
42760.0,1,1.0
42765.0,1,6.0
42770.0,1,11.0
42775.0,2,20.0
42780.0,4,36.0
42785.0,4,56.0
42790.0,8,91.0
42795.0,11,140.0
42800.0,15,204.0
42805.0,18,291.0
42810.0,21,388.0
42815.0,27,509.0
42820.0,24,537.0
42825.0,19,492.0
42830.0,18,572.0
42835.0,14,644.0
42840.0,15,715.0
42845.0,17,705.0
42850.0,16,616.0
42855.0,13,635.0
42860.0,10,688.0
42865.0,9,648.0
42870.0,7,524.0
42875.0,5,358.0
42880.0,2,348.0
42885.0,7,362.0
42890.0,8,331.0
42895.0,5,232.0
42900.0,2,99.0
42905.0,3,37.0
42910.0,1,20.0
42915.0,8,38.0
42920.0,7,58.0
42925.0,4,49.0
42930.0,1,28.0
42935.0,1,18.0
42940.0,2,10.0
42945.0,8,39.0
42950.0,8,61.0
42955.0,4,54.0
42960.0,4,42.0
42965.0,3,46.0
42970.0,4,48.0
42975.0,1,28.0
42980.0,5,27.0
42985.0,7,46.0
42990.0,6,56.0
42995.0,1,49.0
43000.0,9,72.0
43005.0,8,91.0
43010.0,6,71.0
43015.0,3,52.0
43020.0,2,52.0
43025.0,8,84.0
43030.0,10,104.0
43035.0,7,97.0
43040.0,7,75.0
43045.0,5,77.0
43050.0,7,99.0
43055.0,7,115.0
43060.0,5,103.0
43065.0,4,71.0
43070.0,4,68.0
43075.0,2,38.0
43080.0,7,47.0
43085.0,7,63.0
43090.0,5,47.0
43095.0,4,45.0
43100.0,4,42.0
43105.0,2,27.0
43110.0,8,36.0
43115.0,8,63.0
43120.0,2,56.0
43125.0,2,51.0
43130.0,8,79.0
43135.0,7,96.0
43140.0,1,63.0
43145.0,1,23.0
43150.0,3,13.0
43155.0,2,11.0
43160.0,8,30.0
43165.0,5,47.0
43170.0,2,30.0
43175.0,2,21.0
43180.0,2,3.0
43185.0,5,24.0
43190.0,1,24.0
43195.0,2,9.0
43200.0,3,7.0
43205.0,8,37.0
43210.0,4,51.0
43215.0,1,26.0
43220.0,1,8.0
43225.0,0,0.0
43230.0,4,15.0
43235.0,1,16.0
43240.0,3,10.0
43245.0,1,6.0
43250.0,7,27.0
43255.0,5,45.0
43260.0,0,23.0
43265.0,1,2.0
43270.0,4,15.0
43275.0,4,35.0
43280.0,0,24.0
43285.0,5,16.0
43290.0,6,43.0
43295.0,8,79.0
43300.0,11,127.0
43305.0,12,183.0
43310.0,14,251.0
43315.0,16,324.0
43320.0,19,412.0
43325.0,22,518.0
43330.0,19,530.0
43335.0,14,435.0
43340.0,10,312.0
43345.0,4,222.0
43350.0,2,162.0
43355.0,7,173.0
43360.0,7,163.0
43365.0,4,117.0
43370.0,4,59.0
43375.0,4,46.0
43380.0,2,25.0
43385.0,6,31.0
43390.0,8,56.0
43395.0,5,60.0
43400.0,5,67.0
43405.0,8,96.0
43410.0,9,118.0
43415.0,7,107.0
43420.0,5,79.0
43425.0,2,79.0
43430.0,8,102.0
43435.0,8,118.0
43440.0,5,99.0
43445.0,3,72.0
43450.0,4,66.0
43455.0,7,71.0
43460.0,9,84.0
43465.0,7,77.0
43470.0,7,76.0
43475.0,2,67.0
43480.0,8,76.0
43485.0,8,98.0
43490.0,7,95.0
43495.0,6,119.0
43500.0,13,163.0
43505.0,11,185.0
43510.0,6,165.0
43515.0,6,126.0
43520.0,4,106.0
43525.0,1,85.0
43530.0,7,100.0
43535.0,8,107.0
43540.0,4,92.0
43545.0,3,62.0
43550.0,3,46.0
43555.0,1,22.0
43560.0,6,27.0
43565.0,6,44.0
43570.0,4,39.0
43575.0,1,27.0
43580.0,2,23.0
43585.0,2,12.0
43590.0,7,37.0
43595.0,8,56.0
43600.0,5,54.0
43605.0,4,43.0
43610.0,2,37.0
43615.0,8,63.0
43620.0,9,89.0
43625.0,4,79.0
43630.0,5,62.0
43635.0,4,61.0
43640.0,2,41.0
43645.0,7,37.0
43650.0,13,89.0
43655.0,19,173.0
43660.0,21,235.0
43665.0,18,265.0
43670.0,12,323.0
43675.0,12,373.0
43680.0,9,377.0
43685.0,8,308.0
43690.0,5,243.0
43695.0,1,223.0
43700.0,6,235.0
43705.0,6,223.0
43710.0,3,140.0
43715.0,1,143.0
43720.0,8,168.0
43725.0,9,158.0
43730.0,7,113.0
43735.0,2,88.0
43740.0,8,110.0
43745.0,7,112.0
43750.0,4,85.0
43755.0,3,46.0
43760.0,3,46.0
43765.0,7,69.0
43770.0,9,88.0
43775.0,6,70.0
43780.0,5,63.0
43785.0,4,65.0
43790.0,2,45.0
43795.0,7,50.0
43800.0,8,70.0
43805.0,3,59.0
43810.0,3,48.0
43815.0,1,38.0
43820.0,6,57.0
43825.0,8,72.0
43830.0,8,63.0
43835.0,4,65.0
43840.0,2,55.0
43845.0,8,61.0
43850.0,8,79.0
43855.0,7,74.0
43860.0,6,66.0
43865.0,0,58.0
43870.0,7,73.0
43875.0,8,93.0
43880.0,3,77.0
43885.0,5,53.0
43890.0,4,45.0
43895.0,1,34.0
43900.0,6,39.0
43905.0,7,53.0
43910.0,4,48.0
43915.0,3,37.0
43920.0,2,35.0
43925.0,4,42.0
43930.0,2,24.0
43935.0,7,30.0
43940.0,8,58.0
43945.0,6,64.0
43950.0,3,54.0
43955.0,2,51.0
43960.0,9,69.0
43965.0,8,89.0
43970.0,5,78.0
43975.0,1,42.0
43980.0,2,42.0
43985.0,9,66.0
43990.0,13,124.0
43995.0,12,162.0
44000.0,7,129.0
44005.0,1,89.0
44010.0,3,49.0
44015.0,1,41.0
44020.0,5,52.0
44025.0,7,63.0
44030.0,3,41.0
44035.0,3,29.0
44040.0,1,13.0
44045.0,7,27.0
44050.0,11,75.0
44055.0,12,111.0
44060.0,6,105.0
44065.0,2,91.0
44070.0,7,112.0
44075.0,12,165.0
44080.0,11,186.0
44085.0,8,156.0
44090.0,3,161.0
44095.0,9,192.0
44100.0,9,184.0
44105.0,7,137.0
44110.0,4,84.0
44115.0,3,62.0
44120.0,1,39.0
44125.0,6,49.0
44130.0,7,62.0
44135.0,5,50.0
44140.0,2,44.0
44145.0,8,68.0
44150.0,10,95.0
44155.0,6,92.0
44160.0,5,80.0
44165.0,5,75.0
44170.0,3,66.0
44175.0,6,48.0
44180.0,6,57.0
44185.0,3,36.0
44190.0,2,33.0
44195.0,2,34.0
44200.0,1,2.0
44205.0,8,24.0
44210.0,6,47.0
44215.0,0,25.0
44220.0,1,4.0
44225.0,3,13.0
44230.0,1,13.0
44235.0,3,14.0
44240.0,5,35.0
44245.0,6,61.0
44250.0,8,95.0
44255.0,11,145.0
44260.0,15,211.0
44265.0,19,298.0
44270.0,21,399.0
44275.0,25,515.0
44280.0,22,538.0
44285.0,14,461.0
44290.0,13,350.0
44295.0,7,388.0
44300.0,7,414.0
44305.0,8,390.0
44310.0,6,269.0
44315.0,8,184.0
44320.0,4,198.0
44325.0,8,207.0
44330.0,8,198.0
44335.0,5,122.0
44340.0,4,78.0
44345.0,0,54.0
44350.0,4,70.0
44355.0,6,79.0
44360.0,4,59.0
44365.0,3,44.0
44370.0,3,37.0
44375.0,0,15.0
44380.0,6,27.0
44385.0,7,49.0
44390.0,7,62.0
44395.0,2,72.0
44400.0,9,87.0
44405.0,11,109.0
44410.0,7,102.0
44415.0,7,82.0
44420.0,2,70.0
44425.0,1,44.0
44430.0,6,63.0
44435.0,5,74.0
44440.0,3,47.0
44445.0,2,24.0
44450.0,4,25.0
44455.0,1,22.0
44460.0,6,24.0
44465.0,8,45.0
44470.0,8,61.0
44475.0,3,66.0
44480.0,9,84.0
44485.0,10,110.0
44490.0,7,107.0
44495.0,5,94.0
44500.0,2,85.0
44505.0,7,103.0
44510.0,8,120.0
44515.0,6,104.0
44520.0,3,67.0
44525.0,4,53.0
44530.0,1,35.0
44535.0,7,45.0
44540.0,12,94.0
44545.0,13,130.0
44550.0,7,119.0
44555.0,2,88.0
44560.0,2,59.0
44565.0,0,18.0
44570.0,6,36.0
44575.0,7,52.0
44580.0,7,49.0
44585.0,0,37.0
44590.0,7,49.0
44595.0,7,64.0
44600.0,8,63.0
44605.0,4,56.0
44610.0,3,54.0
44615.0,2,39.0
44620.0,6,39.0
44625.0,7,60.0
44630.0,4,54.0
44635.0,5,39.0
44640.0,2,40.0
44645.0,8,62.0
44650.0,8,82.0
44655.0,4,66.0
44660.0,5,86.0
44665.0,8,119.0
44670.0,10,134.0
44675.0,5,110.0
44680.0,3,73.0
44685.0,2,60.0
44690.0,0,34.0
44695.0,6,53.0
44700.0,8,69.0
44705.0,3,56.0
44710.0,2,31.0
44715.0,2,27.0
44720.0,1,6.0
44725.0,7,26.0
44730.0,5,42.0
44735.0,2,38.0
44740.0,2,27.0
44745.0,2,27.0
44750.0,1,5.0
44755.0,8,31.0
44760.0,8,58.0
44765.0,3,54.0
44770.0,2,32.0
44775.0,1,26.0
44780.0,6,43.0
44785.0,5,52.0
44790.0,0,21.0
44795.0,1,6.0
44800.0,2,10.0
44805.0,1,2.0
44810.0,3,16.0
44815.0,5,38.0
44820.0,2,32.0
44825.0,0,3.0
44830.0,1,2.0
44835.0,1,4.0
44840.0,4,18.0
44845.0,6,42.0
44850.0,5,44.0
44855.0,1,19.0
44860.0,2,14.0
44865.0,3,29.0
44870.0,3,44.0
44875.0,1,15.0
44880.0,3,10.0
44885.0,7,38.0
44890.0,5,54.0
44895.0,2,33.0
44900.0,3,17.0
44905.0,3,11.0
44910.0,6,32.0
44915.0,4,40.0
44920.0,0,10.0
44925.0,0,0.0
44930.0,1,1.0
44935.0,0,0.0
44940.0,6,20.0
44945.0,2,31.0
44950.0,2,12.0
44955.0,3,19.0
44960.0,2,11.0
44965.0,6,25.0
44970.0,4,42.0
44975.0,2,27.0
44980.0,2,16.0
44985.0,3,7.0
44990.0,6,27.0
44995.0,6,46.0
45000.0,2,31.0
45005.0,4,30.0
45010.0,2,18.0
45015.0,8,25.0
45020.0,3,39.0
45025.0,0,17.0
45030.0,0,0.0
45035.0,2,8.0
45040.0,3,9.0
45045.0,6,26.0
45050.0,2,30.0
45055.0,1,13.0
45060.0,1,1.0
45065.0,7,25.0
45070.0,6,48.0
45075.0,1,36.0
45080.0,3,19.0
45085.0,1,15.0
45090.0,7,31.0
45095.0,12,80.0
45100.0,12,115.0
45105.0,5,104.0
45110.0,3,72.0
45115.0,4,53.0
45120.0,2,30.0
45125.0,7,41.0
45130.0,9,66.0
45135.0,5,66.0
45140.0,2,46.0
45145.0,3,35.0
45150.0,1,9.0
45155.0,8,33.0
45160.0,4,51.0
45165.0,1,27.0
45170.0,3,33.0
45175.0,9,66.0
45180.0,7,74.0
45185.0,1,44.0
45190.0,2,18.0
45195.0,2,8.0
45200.0,8,33.0
45205.0,9,60.0
45210.0,3,57.0
45215.0,3,62.0
45220.0,8,92.0
45225.0,8,110.0
45230.0,4,90.0
45235.0,5,64.0
45240.0,6,70.0
45245.0,2,60.0
45250.0,7,37.0
45255.0,13,86.0
45260.0,11,120.0
45265.0,6,113.0
45270.0,2,111.0
45275.0,8,136.0
45280.0,7,145.0
45285.0,4,108.0
45290.0,2,53.0
45295.0,1,28.0
45300.0,0,19.0
45305.0,7,38.0
45310.0,6,54.0
45315.0,2,40.0
45320.0,3,27.0
45325.0,2,26.0
45330.0,9,43.0
45335.0,9,66.0
45340.0,2,58.0
45345.0,3,40.0
45350.0,1,22.0
45355.0,7,40.0
45360.0,8,60.0
45365.0,1,39.0
45370.0,0,13.0
45375.0,0,0.0
45380.0,1,2.0
45385.0,5,19.0
45390.0,4,32.0
45395.0,3,21.0
45400.0,4,25.0
45405.0,2,19.0
45410.0,6,27.0
45415.0,3,38.0
45420.0,0,12.0
45425.0,2,16.0
45430.0,8,42.0
45435.0,7,62.0
45440.0,0,31.0
45445.0,2,9.0
45450.0,3,18.0
45455.0,2,13.0
45460.0,7,27.0
45465.0,7,52.0
45470.0,5,54.0
45475.0,2,37.0
45480.0,2,30.0
45485.0,8,55.0
45490.0,6,71.0
45495.0,3,53.0
45500.0,2,27.0
45505.0,4,31.0
45510.0,2,19.0
45515.0,8,33.0
45520.0,7,60.0
45525.0,3,50.0
45530.0,2,45.0
45535.0,7,67.0
45540.0,7,79.0
45545.0,3,59.0
45550.0,1,23.0
45555.0,4,22.0
45560.0,2,17.0
45565.0,6,26.0
45570.0,5,41.0
45575.0,1,27.0
45580.0,1,9.0
45585.0,2,4.0
45590.0,4,18.0
45595.0,1,14.0
45600.0,2,8.0
45605.0,2,16.0
45610.0,2,5.0
45615.0,6,27.0
45620.0,4,36.0
45625.0,1,9.0
45630.0,1,11.0
45635.0,1,2.0
45640.0,4,19.0
45645.0,1,18.0
45650.0,1,3.0
45655.0,1,7.0
45660.0,3,5.0
45665.0,4,22.0
45670.0,0,14.0
45675.0,2,2.0
45680.0,3,16.0
45685.0,0,7.0
45690.0,4,11.0
45695.0,1,15.0
45700.0,0,1.0
45705.0,1,3.0
45710.0,1,8.0
45715.0,0,0.0
45720.0,2,8.0
45725.0,0,4.0
45730.0,1,5.0
45735.0,0,0.0
45740.0,3,7.0
45745.0,6,29.0
45750.0,10,69.0
45755.0,9,94.0
45760.0,0,63.0
45765.0,1,20.0
45770.0,2,10.0
45775.0,1,3.0
45780.0,5,19.0
45785.0,12,67.0
45790.0,15,132.0
45795.0,15,207.0
45800.0,18,292.0
45805.0,14,323.0
45810.0,7,268.0
45815.0,3,290.0
45820.0,9,323.0
45825.0,9,305.0
45830.0,8,219.0
45835.0,5,109.0
45840.0,4,66.0
45845.0,3,42.0
45850.0,7,52.0
45855.0,7,70.0
45860.0,4,59.0
45865.0,2,35.0
45870.0,5,40.0
45875.0,4,30.0
45880.0,8,38.0
45885.0,10,63.0
45890.0,8,81.0
45895.0,2,85.0
45900.0,10,94.0
45905.0,15,157.0
45910.0,16,200.0
45915.0,11,194.0
45920.0,5,141.0
45925.0,2,112.0
45930.0,1,91.0
45935.0,6,109.0
45940.0,11,156.0
45945.0,13,180.0
45950.0,6,147.0
45955.0,3,85.0
45960.0,2,62.0
45965.0,0,35.0
45970.0,6,51.0
45975.0,6,62.0
45980.0,0,34.0
45985.0,0,3.0
45990.0,2,5.0
45995.0,0,0.0
46000.0,6,19.0
46005.0,3,29.0
46010.0,0,9.0
46015.0,0,0.0
46020.0,1,1.0
46025.0,6,23.0
46030.0,2,32.0
46035.0,1,7.0
46040.0,2,9.0
46045.0,1,2.0
46050.0,5,16.0
46055.0,3,27.0
46060.0,1,13.0
46065.0,2,18.0
46070.0,1,1.0
46075.0,6,23.0
46080.0,3,35.0
46085.0,2,15.0
46090.0,3,17.0
46095.0,2,10.0
46100.0,5,24.0
46105.0,0,22.0
46110.0,0,0.0
46115.0,1,3.0
46120.0,1,1.0
46125.0,2,9.0
46130.0,7,36.0
46135.0,8,74.0
46140.0,4,76.0
46145.0,0,28.0
46150.0,0,0.0
46155.0,1,1.0
46160.0,7,26.0
46165.0,2,39.0
46170.0,0,6.0
46175.0,2,4.0
46180.0,5,28.0
46185.0,0,24.0
46190.0,1,4.0
46195.0,0,0.0
46200.0,4,16.0
46205.0,5,40.0
46210.0,10,80.0
46215.0,15,144.0
46220.0,19,237.0
46225.0,24,349.0
46230.0,25,471.0
46235.0,29,610.0
46240.0,34,771.0
46245.0,31,846.0
46250.0,25,771.0
46255.0,16,865.0
46260.0,14,927.0
46265.0,14,991.0
46270.0,14,963.0
46275.0,12,836.0
46280.0,12,622.0
46285.0,9,475.0
46290.0,2,423.0
46295.0,8,446.0
46300.0,7,404.0
46305.0,5,282.0
46310.0,4,110.0
46315.0,6,71.0
46320.0,3,60.0
46325.0,7,52.0
46330.0,10,72.0
46335.0,8,79.0
46340.0,6,81.0
46345.0,4,72.0
46350.0,7,55.0
46355.0,9,68.0
46360.0,7,62.0
46365.0,1,59.0
46370.0,6,59.0
46375.0,6,71.0
46380.0,6,60.0
46385.0,5,51.0
46390.0,2,47.0
46395.0,6,45.0
46400.0,13,99.0
46405.0,9,128.0
46410.0,3,89.0
46415.0,4,54.0
46420.0,1,49.0
46425.0,8,61.0
46430.0,9,77.0
46435.0,3,61.0
46440.0,4,42.0
46445.0,2,29.0
46450.0,8,39.0
46455.0,6,55.0
46460.0,0,32.0
46465.0,0,0.0
46470.0,2,5.0
46475.0,1,2.0
46480.0,3,13.0
46485.0,5,35.0
46490.0,8,73.0
46495.0,13,129.0
46500.0,11,148.0
46505.0,7,123.0
46510.0,3,84.0
46515.0,3,63.0
46520.0,4,52.0
46525.0,0,26.0
46530.0,5,20.0
46535.0,6,39.0
46540.0,1,32.0
46545.0,1,13.0
46550.0,1,10.0
46555.0,1,1.0
46560.0,6,18.0
46565.0,7,42.0
46570.0,3,38.0
46575.0,4,37.0
46580.0,1,30.0
46585.0,7,38.0
46590.0,13,93.0
46595.0,11,125.0
46600.0,4,108.0
46605.0,3,75.0
46610.0,3,44.0
46615.0,2,21.0
46620.0,6,28.0
46625.0,4,41.0
46630.0,2,21.0
46635.0,2,16.0
46640.0,5,39.0
46645.0,1,24.0
46650.0,3,13.0
46655.0,0,10.0
46660.0,0,0.0
46665.0,3,6.0
46670.0,8,36.0
46675.0,11,87.0
46680.0,11,142.0
46685.0,13,204.0
46690.0,9,214.0
46695.0,4,153.0
46700.0,2,60.0
46705.0,3,36.0
46710.0,2,17.0
46715.0,6,28.0
46720.0,6,43.0
46725.0,4,39.0
46730.0,2,34.0
46735.0,1,24.0
46740.0,2,26.0
46745.0,1,7.0
46750.0,7,27.0
46755.0,7,53.0
46760.0,1,37.0
46765.0,1,18.0
46770.0,2,16.0
46775.0,1,3.0
46780.0,3,12.0
46785.0,3,16.0
46790.0,1,9.0
46795.0,1,11.0
46800.0,2,3.0
46805.0,4,22.0
46810.0,1,23.0
46815.0,0,2.0
46820.0,2,5.0
46825.0,2,15.0
46830.0,1,2.0
46835.0,4,14.0
46840.0,5,38.0
46845.0,6,64.0
46850.0,4,54.0
46855.0,1,15.0
46860.0,2,16.0
46865.0,2,26.0
46870.0,2,7.0
46875.0,6,25.0
46880.0,5,46.0
46885.0,0,28.0
46890.0,0,3.0
46895.0,2,4.0
46900.0,1,1.0
46905.0,5,16.0
46910.0,4,31.0
46915.0,0,19.0
46920.0,2,9.0
46925.0,3,18.0
46930.0,1,5.0
46935.0,2,8.0
46940.0,6,32.0
46945.0,6,47.0
46950.0,2,30.0
46955.0,3,17.0
46960.0,2,13.0
46965.0,8,32.0
46970.0,7,54.0
46975.0,3,44.0
46980.0,4,32.0
46985.0,3,30.0
46990.0,8,45.0
46995.0,8,74.0
47000.0,7,74.0
47005.0,3,58.0
47010.0,3,43.0
47015.0,3,32.0
47020.0,7,54.0
47025.0,7,70.0
47030.0,6,59.0
47035.0,3,56.0
47040.0,8,79.0
47045.0,8,95.0
47050.0,6,74.0
47055.0,4,66.0
47060.0,2,52.0
47065.0,0,18.0
47070.0,5,35.0
47075.0,6,50.0
47080.0,3,36.0
47085.0,1,22.0
47090.0,3,25.0
47095.0,5,45.0
47100.0,2,27.0
47105.0,7,24.0
47110.0,7,50.0
47115.0,3,53.0
47120.0,4,45.0
47125.0,1,31.0
47130.0,6,35.0
47135.0,9,76.0
47140.0,7,93.0
47145.0,2,50.0
47150.0,3,28.0
47155.0,2,14.0
47160.0,8,33.0
47165.0,7,52.0
47170.0,1,41.0
47175.0,4,43.0
47180.0,10,75.0
47185.0,10,99.0
47190.0,3,71.0
47195.0,1,66.0
47200.0,7,86.0
47205.0,8,101.0
47210.0,3,76.0
47215.0,1,64.0
47220.0,7,82.0
47225.0,8,90.0
47230.0,2,59.0
47235.0,1,25.0
47240.0,2,17.0
47245.0,0,0.0
47250.0,5,15.0
47255.0,3,30.0
47260.0,0,9.0
47265.0,0,0.0
47270.0,0,0.0
47275.0,0,0.0
47280.0,4,12.0
47285.0,0,11.0
47290.0,1,1.0
47295.0,2,8.0
47300.0,0,6.0
47305.0,4,12.0
47310.0,1,14.0
47315.0,2,6.0
47320.0,3,20.0
47325.0,2,10.0
47330.0,4,18.0
47335.0,2,23.0
47340.0,0,4.0
47345.0,2,8.0
47350.0,1,1.0
47355.0,7,23.0
47360.0,3,37.0
47365.0,1,14.0
47370.0,1,10.0
47375.0,7,37.0
47380.0,6,49.0
47385.0,2,35.0
47390.0,2,20.0
47395.0,2,26.0
47400.0,1,4.0
47405.0,6,23.0
47410.0,2,31.0
47415.0,2,11.0
47420.0,4,23.0
47425.0,2,17.0
47430.0,7,31.0
47435.0,6,52.0
47440.0,2,34.0
47445.0,2,20.0
47450.0,4,37.0
47455.0,1,16.0
47460.0,4,15.0
47465.0,4,18.0
47470.0,4,24.0
47475.0,5,48.0
47480.0,2,38.0
47485.0,9,34.0
47490.0,10,81.0
47495.0,5,95.0
47500.0,1,43.0
47505.0,2,14.0
47510.0,2,24.0
47515.0,0,0.0
47520.0,6,19.0
47525.0,3,36.0
47530.0,2,22.0
47535.0,3,18.0
47540.0,1,10.0
47545.0,3,10.0
47550.0,1,7.0
47555.0,1,6.0
47560.0,0,0.0
47565.0,4,15.0
47570.0,2,22.0
47575.0,2,12.0
47580.0,4,15.0
47585.0,6,39.0
47590.0,3,40.0
47595.0,2,18.0
47600.0,3,27.0
47605.0,1,9.0
47610.0,5,18.0
47615.0,3,25.0
47620.0,2,10.0
47625.0,2,17.0
47630.0,3,31.0
47635.0,4,49.0
47640.0,0,22.0
47645.0,2,2.0
47650.0,0,2.0
47655.0,1,5.0
47660.0,4,22.0
47665.0,1,18.0
47670.0,5,18.0
47675.0,3,30.0
47680.0,0,14.0
47685.0,2,8.0
47690.0,2,3.0
47695.0,8,30.0
47700.0,6,52.0
47705.0,0,32.0
47710.0,2,10.0
47715.0,2,9.0
47720.0,8,35.0
47725.0,5,48.0
47730.0,3,36.0
47735.0,5,34.0
47740.0,5,57.0
47745.0,4,47.0
47750.0,3,19.0
47755.0,2,17.0
47760.0,2,15.0
47765.0,1,6.0
47770.0,6,24.0
47775.0,0,26.0
47780.0,1,2.0
47785.0,2,10.0
47790.0,2,2.0
47795.0,4,19.0
47800.0,1,17.0
47805.0,0,0.0
47810.0,4,11.0
47815.0,0,12.0
47820.0,6,18.0
47825.0,4,36.0
47830.0,1,19.0
47835.0,3,12.0
47840.0,2,8.0
47845.0,5,22.0
47850.0,2,27.0
47855.0,2,12.0
47860.0,3,12.0
47865.0,8,41.0
47870.0,10,65.0
47875.0,4,59.0
47880.0,2,39.0
47885.0,6,46.0
47890.0,7,61.0
47895.0,5,54.0
47900.0,4,57.0
47905.0,9,85.0
47910.0,10,109.0
47915.0,9,100.0
47920.0,7,90.0
47925.0,4,91.0
47930.0,9,84.0
47935.0,14,136.0
47940.0,12,166.0
47945.0,8,146.0
47950.0,3,140.0
47955.0,8,169.0
47960.0,10,175.0
47965.0,8,141.0
47970.0,8,93.0
47975.0,2,91.0
47980.0,8,100.0
47985.0,9,114.0
47990.0,10,116.0
47995.0,7,132.0
48000.0,7,138.0
48005.0,9,149.0
48010.0,9,135.0
48015.0,2,137.0
48020.0,8,141.0
48025.0,7,148.0
48030.0,5,115.0
48035.0,4,76.0
48040.0,3,53.0
48045.0,2,39.0
48050.0,6,51.0
48055.0,6,58.0
48060.0,5,50.0
48065.0,3,46.0
48070.0,3,47.0
48075.0,4,55.0
48080.0,0,23.0
48085.0,6,19.0
48090.0,6,38.0
48095.0,7,50.0
48100.0,2,53.0
48105.0,9,73.0
48110.0,15,137.0
48115.0,16,184.0
48120.0,11,184.0
48125.0,11,206.0
48130.0,12,263.0
48135.0,5,264.0
48140.0,5,216.0
48145.0,3,154.0
48150.0,2,143.0
48155.0,6,161.0
48160.0,7,164.0
48165.0,4,126.0
48170.0,4,66.0
48175.0,2,69.0
48180.0,8,94.0
48185.0,9,106.0
48190.0,4,77.0
48195.0,1,48.0
48200.0,2,32.0
48205.0,2,19.0
48210.0,6,41.0
48215.0,6,57.0
48220.0,2,38.0
48225.0,5,34.0
48230.0,7,53.0
48235.0,3,57.0
48240.0,5,36.0
48245.0,8,53.0
48250.0,7,65.0
48255.0,3,55.0
48260.0,8,59.0
48265.0,11,86.0
48270.0,7,89.0
48275.0,3,70.0
48280.0,4,71.0
48285.0,0,37.0
48290.0,6,28.0
48295.0,7,52.0
48300.0,3,47.0
48305.0,1,26.0
48310.0,3,25.0
48315.0,1,7.0
48320.0,7,28.0
48325.0,7,52.0
48330.0,5,47.0
48335.0,2,32.0
48340.0,2,25.0
48345.0,1,7.0
48350.0,6,27.0
48355.0,7,47.0
48360.0,3,42.0
48365.0,3,31.0
48370.0,4,34.0
48375.0,0,24.0
48380.0,3,16.0
48385.0,5,39.0
48390.0,9,77.0
48395.0,8,88.0
48400.0,2,51.0
48405.0,2,48.0
48410.0,8,72.0
48415.0,9,86.0
48420.0,3,68.0
48425.0,2,36.0
48430.0,1,22.0
48435.0,7,43.0
48440.0,8,60.0
48445.0,4,48.0
48450.0,5,43.0
48455.0,3,45.0
48460.0,8,41.0
48465.0,13,93.0
48470.0,11,124.0
48475.0,4,95.0
48480.0,2,53.0
48485.0,3,33.0
48490.0,1,7.0
48495.0,3,15.0
48500.0,5,33.0
48505.0,2,30.0
48510.0,2,11.0
48515.0,4,24.0
48520.0,0,12.0
48525.0,3,9.0
48530.0,6,33.0
48535.0,9,70.0
48540.0,14,131.0
48545.0,17,211.0
48550.0,14,242.0
48555.0,10,214.0
48560.0,5,162.0
48565.0,3,96.0
48570.0,3,84.0
48575.0,8,107.0
48580.0,8,114.0
48585.0,5,85.0
48590.0,1,41.0
48595.0,2,26.0
48600.0,1,21.0
48605.0,7,42.0
48610.0,8,61.0
48615.0,1,44.0
48620.0,2,30.0
48625.0,2,26.0
48630.0,2,2.0
48635.0,8,28.0
48640.0,4,47.0
48645.0,2,28.0
48650.0,3,30.0
48655.0,8,61.0
48660.0,8,76.0
48665.0,1,54.0
48670.0,3,27.0
48675.0,2,16.0
48680.0,7,36.0
48685.0,5,49.0
48690.0,0,29.0
48695.0,1,14.0
48700.0,1,9.0
48705.0,1,1.0
48710.0,6,18.0
48715.0,4,35.0
48720.0,1,19.0
48725.0,3,21.0
48730.0,9,54.0
48735.0,10,80.0
48740.0,2,68.0
48745.0,0,33.0
48750.0,1,11.0
48755.0,2,13.0
48760.0,1,1.0
48765.0,5,18.0
48770.0,3,32.0
48775.0,1,21.0
48780.0,2,19.0
48785.0,8,48.0
48790.0,7,65.0
48795.0,1,42.0
48800.0,2,20.0
48805.0,2,23.0
48810.0,0,0.0
48815.0,7,20.0
48820.0,9,63.0
48825.0,8,84.0
48830.0,3,65.0
48835.0,1,31.0
48840.0,1,16.0
48845.0,1,19.0
48850.0,2,2.0
48855.0,6,24.0
48860.0,4,40.0
48865.0,2,25.0
48870.0,3,21.0
48875.0,2,11.0
48880.0,5,24.0
48885.0,5,38.0
48890.0,1,25.0
48895.0,2,13.0
48900.0,3,22.0
48905.0,0,4.0
48910.0,3,12.0
48915.0,2,14.0
48920.0,3,11.0
48925.0,6,32.0
48930.0,2,33.0
48935.0,3,17.0
48940.0,3,19.0
48945.0,4,28.0
48950.0,1,16.0
48955.0,5,23.0
48960.0,0,26.0
48965.0,0,0.0
48970.0,1,3.0
48975.0,0,0.0
48980.0,5,14.0
48985.0,0,15.0
48990.0,2,4.0
48995.0,1,3.0
49000.0,2,13.0
49005.0,0,6.0
49010.0,1,5.0
49015.0,2,2.0
49020.0,6,22.0
49025.0,3,32.0
49030.0,1,10.0
49035.0,2,10.0
49040.0,2,20.0
49045.0,1,6.0
49050.0,4,19.0
49055.0,1,21.0
49060.0,1,4.0
49065.0,1,6.0
49070.0,1,11.0
49075.0,1,1.0
49080.0,3,13.0
49085.0,0,14.0
49090.0,0,0.0
49095.0,1,4.0
49100.0,1,9.0
49105.0,1,2.0
49110.0,3,15.0
49115.0,0,14.0
49120.0,1,1.0
49125.0,3,5.0
49130.0,6,31.0
49135.0,4,43.0
49140.0,0,16.0
49145.0,0,0.0
49150.0,0,0.0
49155.0,2,2.0
49160.0,5,19.0
49165.0,2,27.0
49170.0,1,12.0
49175.0,1,10.0
49180.0,2,2.0
49185.0,7,29.0
49190.0,2,41.0
49195.0,1,8.0
49200.0,1,6.0
49205.0,7,29.0
49210.0,4,45.0
49215.0,1,15.0
49220.0,3,13.0
49225.0,8,37.0
49230.0,7,55.0
49235.0,3,44.0
49240.0,4,44.0
49245.0,3,30.0
49250.0,7,40.0
49255.0,7,65.0
49260.0,4,62.0
49265.0,4,55.0
49270.0,4,57.0
49275.0,3,34.0
49280.0,7,31.0
49285.0,7,58.0
49290.0,3,49.0
49295.0,2,27.0
49300.0,2,22.0
49305.0,7,45.0
49310.0,8,65.0
49315.0,5,64.0
49320.0,2,55.0
49325.0,7,72.0
49330.0,9,91.0
49335.0,5,73.0
49340.0,3,47.0
49345.0,1,41.0
49350.0,8,66.0
49355.0,8,82.0
49360.0,3,66.0
49365.0,2,43.0
49370.0,2,35.0
49375.0,2,30.0
49380.0,1,4.0
49385.0,6,24.0
49390.0,5,41.0
49395.0,1,23.0
49400.0,3,14.0
49405.0,0,9.0
49410.0,6,20.0
49415.0,5,42.0
49420.0,3,34.0
49425.0,1,23.0
49430.0,7,41.0
49435.0,6,53.0
49440.0,3,37.0
49445.0,4,28.0
49450.0,0,18.0
49455.0,6,29.0
49460.0,6,51.0
49465.0,4,51.0
49470.0,1,31.0
49475.0,3,33.0
49480.0,0,13.0
49485.0,6,23.0
49490.0,5,39.0
49495.0,1,31.0
49500.0,0,28.0
49505.0,5,46.0
49510.0,6,59.0
49515.0,4,48.0
49520.0,2,32.0
49525.0,4,35.0
49530.0,5,53.0
49535.0,1,35.0
49540.0,7,23.0
49545.0,7,49.0
49550.0,5,50.0
49555.0,5,63.0
49560.0,10,81.0
49565.0,17,152.0
49570.0,19,244.0
49575.0,18,290.0
49580.0,14,268.0
49585.0,8,211.0
49590.0,3,227.0
49595.0,8,253.0
49600.0,8,245.0
49605.0,5,188.0
49610.0,3,105.0
49615.0,2,107.0
49620.0,8,134.0
49625.0,7,140.0
49630.0,6,104.0
49635.0,6,83.0
49640.0,1,69.0
49645.0,8,93.0
49650.0,8,106.0
49655.0,3,86.0
49660.0,1,45.0
49665.0,1,17.0
49670.0,1,16.0
49675.0,7,39.0
49680.0,6,56.0
49685.0,4,49.0
49690.0,4,38.0
49695.0,2,40.0
49700.0,7,48.0
49705.0,8,68.0
49710.0,4,61.0
49715.0,3,61.0
49720.0,8,89.0
49725.0,10,115.0
49730.0,7,109.0
49735.0,3,81.0
49740.0,1,59.0
49745.0,7,73.0
49750.0,8,87.0
49755.0,6,65.0
49760.0,1,64.0
49765.0,7,87.0
49770.0,7,99.0
49775.0,7,78.0
49780.0,6,71.0
49785.0,5,72.0
49790.0,0,54.0
49795.0,5,30.0
49800.0,8,51.0
49805.0,5,53.0
49810.0,2,39.0
49815.0,4,45.0
49820.0,0,14.0
49825.0,6,22.0
49830.0,4,40.0
49835.0,0,19.0
49840.0,1,1.0
49845.0,1,6.0
49850.0,1,2.0
49855.0,6,23.0
49860.0,5,39.0
49865.0,2,22.0
49870.0,5,20.0
49875.0,2,20.0
49880.0,4,18.0
49885.0,0,14.0
49890.0,2,4.0
49895.0,5,24.0
49900.0,7,57.0
49905.0,5,59.0
49910.0,5,36.0
49915.0,2,31.0
49920.0,4,25.0
49925.0,1,15.0
49930.0,3,14.0
49935.0,5,36.0
49940.0,6,63.0
49945.0,9,100.0
49950.0,10,146.0
49955.0,12,203.0
49960.0,9,196.0
49965.0,0,107.0
49970.0,0,21.0
49975.0,0,0.0
49980.0,0,0.0
49985.0,5,16.0
49990.0,4,33.0
49995.0,0,14.0
50000.0,0,0.0
50005.0,0,0.0
50010.0,0,0.0
50015.0,1,5.0
50020.0,1,4.0
50025.0,3,14.0
50030.0,3,9.0
50035.0,6,26.0
50040.0,4,38.0
50045.0,1,19.0
50050.0,1,9.0
50055.0,2,5.0
50060.0,5,27.0
50065.0,1,28.0
50070.0,1,5.0
50075.0,3,11.0
50080.0,1,6.0
50085.0,3,11.0
50090.0,0,12.0
50095.0,0,0.0
50100.0,0,0.0
50105.0,2,3.0
50110.0,4,18.0
50115.0,2,20.0
50120.0,0,4.0
50125.0,0,0.0
50130.0,0,0.0
50135.0,0,0.0
50140.0,1,1.0
50145.0,3,13.0
50150.0,0,5.0
50155.0,3,13.0
50160.0,1,8.0
50165.0,2,10.0
50170.0,0,3.0
50175.0,2,5.0
50180.0,3,7.0
50185.0,5,30.0
50190.0,1,29.0
50195.0,0,1.0
50200.0,1,2.0
50205.0,2,8.0
50210.0,0,0.0
50215.0,2,6.0
50220.0,0,5.0
50225.0,0,0.0
50230.0,1,5.0
50235.0,4,17.0
50240.0,0,13.0
50245.0,5,19.0
50250.0,0,20.0
50255.0,2,5.0
50260.0,3,9.0
50265.0,6,31.0
50270.0,3,40.0
50275.0,0,14.0
50280.0,1,6.0
50285.0,3,18.0
50290.0,1,9.0
50295.0,5,18.0
50300.0,2,30.0
50305.0,0,9.0
50310.0,0,0.0
50315.0,1,2.0
50320.0,1,2.0
50325.0,5,18.0
50330.0,1,19.0
50335.0,0,1.0
50340.0,1,1.0
50345.0,3,10.0
50350.0,0,9.0
50355.0,0,0.0
50360.0,1,1.0
50365.0,6,20.0
50370.0,4,31.0
50375.0,1,14.0
50380.0,3,18.0
50385.0,0,9.0
50390.0,5,17.0
50395.0,3,27.0
50400.0,2,16.0
50405.0,3,14.0
50410.0,8,43.0
50415.0,8,70.0
50420.0,0,50.0
50425.0,2,19.0
50430.0,3,18.0
50435.0,8,42.0
50440.0,7,58.0
50445.0,1,36.0
50450.0,1,16.0
50455.0,2,20.0
50460.0,1,2.0
50465.0,4,19.0
50470.0,2,22.0
50475.0,2,7.0
50480.0,2,12.0
50485.0,2,22.0
50490.0,0,1.0
50495.0,3,6.0
50500.0,0,7.0
50505.0,1,2.0
50510.0,3,4.0
50515.0,7,27.0
50520.0,5,43.0
50525.0,1,26.0
50530.0,3,21.0
50535.0,6,46.0
50540.0,3,50.0
50545.0,1,18.0
50550.0,1,6.0
50555.0,1,11.0
50560.0,1,2.0
50565.0,6,23.0
50570.0,4,35.0
50575.0,1,18.0
50580.0,1,8.0
50585.0,3,19.0
50590.0,1,8.0
50595.0,5,17.0
50600.0,3,26.0
50605.0,4,23.0
50610.0,3,24.0
50615.0,8,46.0
50620.0,7,67.0
50625.0,1,45.0
50630.0,3,17.0
50635.0,2,13.0
50640.0,6,34.0
50645.0,7,55.0
50650.0,1,49.0
50655.0,2,25.0
50660.0,3,17.0
50665.0,1,8.0
50670.0,6,19.0
50675.0,6,41.0
50680.0,4,40.0
50685.0,5,39.0
50690.0,1,32.0
50695.0,9,39.0
50700.0,8,64.0
50705.0,3,63.0
50710.0,3,39.0
50715.0,3,35.0
50720.0,4,52.0
50725.0,2,25.0
50730.0,5,22.0
50735.0,7,45.0
50740.0,4,46.0
50745.0,2,28.0
50750.0,1,19.0
50755.0,7,43.0
50760.0,7,63.0
50765.0,5,59.0
50770.0,1,49.0
50775.0,1,29.0
50780.0,2,22.0
50785.0,2,2.0
50790.0,7,26.0
50795.0,4,39.0
50800.0,0,15.0
50805.0,0,0.0
50810.0,0,0.0
50815.0,1,1.0
50820.0,7,23.0
50825.0,4,40.0
50830.0,1,21.0
50835.0,3,11.0
50840.0,2,11.0
50845.0,7,28.0
50850.0,9,53.0
50855.0,4,43.0
50860.0,1,42.0
50865.0,8,66.0
50870.0,8,91.0
50875.0,5,78.0
50880.0,3,54.0
50885.0,3,43.0
50890.0,1,20.0
50895.0,6,26.0
50900.0,3,36.0
50905.0,1,14.0
50910.0,2,8.0
50915.0,2,18.0
50920.0,0,0.0
50925.0,2,5.0
50930.0,3,16.0
50935.0,7,41.0
50940.0,10,84.0
50945.0,5,85.0
50950.0,1,44.0
50955.0,1,9.0
50960.0,1,14.0
50965.0,2,3.0
50970.0,6,24.0
50975.0,0,25.0
50980.0,1,4.0
50985.0,2,13.0
50990.0,3,26.0
50995.0,0,9.0
51000.0,2,4.0
51005.0,0,0.0
51010.0,1,4.0
51015.0,2,5.0
51020.0,5,25.0
51025.0,4,37.0
51030.0,1,20.0
51035.0,4,19.0
51040.0,5,41.0
51045.0,1,27.0
51050.0,3,15.0
51055.0,0,6.0
51060.0,2,5.0
51065.0,2,15.0
51070.0,0,3.0
51075.0,4,12.0
51080.0,2,21.0
51085.0,1,6.0
51090.0,3,12.0
51095.0,2,9.0
51100.0,6,24.0
51105.0,1,30.0
51110.0,0,5.0
51115.0,0,0.0
51120.0,0,0.0
51125.0,0,0.0
51130.0,0,0.0
51135.0,4,11.0
51140.0,3,20.0
51145.0,0,3.0
51150.0,0,0.0
51155.0,1,5.0
51160.0,2,3.0
51165.0,6,22.0
51170.0,4,33.0
51175.0,4,27.0
51180.0,1,23.0
51185.0,7,34.0
51190.0,2,36.0
51195.0,2,18.0
51200.0,2,3.0
51205.0,5,24.0
51210.0,1,24.0
51215.0,1,6.0
51220.0,3,15.0
51225.0,0,11.0
51230.0,1,5.0
51235.0,6,23.0
51240.0,5,37.0
51245.0,2,29.0
51250.0,3,24.0
51255.0,2,10.0
51260.0,9,36.0
51265.0,7,63.0
51270.0,2,46.0
51275.0,0,17.0
51280.0,1,3.0
51285.0,3,4.0
51290.0,8,30.0
51295.0,6,51.0
51300.0,2,37.0
51305.0,3,26.0
51310.0,1,14.0
51315.0,7,30.0
51320.0,7,49.0
51325.0,4,43.0
51330.0,1,24.0
51335.0,1,17.0
51340.0,1,5.0
51345.0,7,27.0
51350.0,5,45.0
51355.0,2,31.0
51360.0,2,23.0
51365.0,2,7.0
51370.0,6,31.0
51375.0,5,48.0
51380.0,0,23.0
51385.0,3,7.0
51390.0,1,7.0
51395.0,8,26.0
51400.0,8,52.0
51405.0,1,44.0
51410.0,1,15.0
51415.0,3,16.0
51420.0,0,9.0
51425.0,7,23.0
51430.0,6,45.0
51435.0,1,34.0
51440.0,1,15.0
51445.0,1,12.0
51450.0,2,21.0
51455.0,2,4.0
51460.0,7,23.0
51465.0,6,38.0
51470.0,1,24.0
51475.0,2,13.0
51480.0,3,26.0
51485.0,1,17.0
51490.0,3,17.0
51495.0,0,13.0
51500.0,2,8.0
51505.0,2,2.0
51510.0,7,26.0
51515.0,4,41.0
51520.0,2,20.0
51525.0,2,15.0
51530.0,2,4.0
51535.0,5,22.0
51540.0,1,21.0
51545.0,0,2.0
51550.0,2,4.0
51555.0,5,23.0
51560.0,0,19.0
51565.0,0,0.0
51570.0,1,2.0
51575.0,2,10.0
51580.0,0,2.0
51585.0,4,10.0
51590.0,0,9.0
51595.0,3,8.0
51600.0,1,5.0
51605.0,6,21.0
51610.0,1,26.0
51615.0,1,7.0
51620.0,2,12.0
51625.0,2,5.0
51630.0,4,22.0
51635.0,2,25.0
51640.0,0,4.0
51645.0,0,0.0
51650.0,2,3.0
51655.0,5,21.0
51660.0,2,25.0
51665.0,1,7.0
51670.0,3,16.0
51675.0,0,10.0
51680.0,2,4.0
51685.0,0,6.0
51690.0,1,2.0
51695.0,1,1.0
51700.0,5,15.0
51705.0,3,28.0
51710.0,0,9.0
51715.0,0,0.0
51720.0,1,1.0
51725.0,5,20.0
51730.0,1,28.0
51735.0,1,10.0
51740.0,2,13.0
51745.0,1,3.0
51750.0,5,20.0
51755.0,2,27.0
51760.0,1,10.0
51765.0,2,15.0
51770.0,2,8.0
51775.0,4,18.0
51780.0,2,19.0
51785.0,1,7.0
51790.0,2,9.0
51795.0,1,3.0
51800.0,5,20.0
51805.0,4,32.0
51810.0,2,23.0
51815.0,2,18.0
51820.0,1,2.0
51825.0,6,23.0
51830.0,6,43.0
51835.0,0,30.0
51840.0,0,6.0
51845.0,0,6.0
51850.0,6,27.0
51855.0,2,37.0
51860.0,0,11.0
51865.0,0,0.0
51870.0,1,5.0
51875.0,1,1.0
51880.0,4,14.0
51885.0,0,13.0
51890.0,0,0.0
51895.0,2,5.0
51900.0,3,20.0
51905.0,0,13.0
51910.0,4,10.0
51915.0,1,15.0
51920.0,1,5.0
51925.0,2,10.0
51930.0,1,3.0
51935.0,8,30.0
51940.0,5,49.0
51945.0,1,23.0
51950.0,1,8.0
51955.0,2,5.0
51960.0,6,28.0
51965.0,5,44.0
51970.0,1,34.0
51975.0,2,21.0
51980.0,3,26.0
51985.0,1,8.0
51990.0,6,22.0
51995.0,5,40.0
52000.0,3,29.0
52005.0,4,35.0
52010.0,1,20.0
52015.0,7,27.0
52020.0,7,50.0
52025.0,1,31.0
52030.0,2,16.0
52035.0,2,24.0
52040.0,1,5.0
52045.0,5,22.0
52050.0,4,34.0
52055.0,1,17.0
52060.0,3,16.0
52065.0,5,37.0
52070.0,6,66.0
52075.0,1,51.0
52080.0,5,19.0
52085.0,0,17.0
52090.0,2,7.0
52095.0,4,23.0
52100.0,6,49.0
52105.0,0,39.0
52110.0,6,19.0
52115.0,3,34.0
52120.0,1,18.0
52125.0,1,9.0
52130.0,1,13.0
52135.0,3,23.0
52140.0,1,9.0
52145.0,3,9.0
52150.0,6,31.0
52155.0,2,33.0
52160.0,2,13.0
52165.0,2,2.0
52170.0,6,23.0
52175.0,3,33.0
52180.0,1,13.0
52185.0,4,15.0
52190.0,8,44.0
52195.0,9,88.0
52200.0,4,91.0
52205.0,0,38.0
52210.0,3,10.0
52215.0,2,11.0
52220.0,8,31.0
52225.0,10,76.0
52230.0,8,98.0
52235.0,2,58.0
52240.0,1,23.0
52245.0,2,13.0
52250.0,6,33.0
52255.0,6,47.0
52260.0,4,46.0
52265.0,5,41.0
52270.0,1,34.0
52275.0,6,31.0
52280.0,6,51.0
52285.0,1,36.0
52290.0,3,18.0
52295.0,3,30.0
52300.0,1,15.0
52305.0,7,24.0
52310.0,6,44.0
52315.0,0,31.0
52320.0,0,6.0
52325.0,0,0.0
52330.0,1,1.0
52335.0,3,14.0
52340.0,1,9.0
52345.0,3,11.0
52350.0,1,10.0
52355.0,6,22.0
52360.0,3,30.0
52365.0,1,9.0
52370.0,2,12.0
52375.0,4,29.0
52380.0,0,13.0
52385.0,5,18.0
52390.0,8,53.0
52395.0,4,62.0
52400.0,0,25.0
52405.0,1,18.0
52410.0,8,44.0
52415.0,11,94.0
52420.0,11,149.0
52425.0,12,205.0
52430.0,9,206.0
52435.0,1,135.0
52440.0,2,34.0
52445.0,4,21.0
52450.0,1,18.0
52455.0,6,28.0
52460.0,6,48.0
52465.0,1,32.0
52470.0,2,15.0
52475.0,3,22.0
52480.0,1,9.0
52485.0,6,23.0
52490.0,4,39.0
52495.0,0,21.0
52500.0,3,12.0
52505.0,1,9.0
52510.0,7,29.0
52515.0,4,44.0
52520.0,0,23.0
52525.0,0,3.0
52530.0,1,4.0
52535.0,2,3.0
52540.0,7,30.0
52545.0,6,53.0
52550.0,0,31.0
52555.0,0,1.0
52560.0,0,0.0
52565.0,0,0.0
52570.0,3,8.0
52575.0,1,13.0
52580.0,1,5.0
52585.0,3,14.0
52590.0,6,35.0
52595.0,4,39.0
52600.0,2,22.0
52605.0,4,25.0
52610.0,2,20.0
52615.0,7,28.0
52620.0,10,70.0
52625.0,6,88.0
52630.0,1,42.0
52635.0,1,12.0
52640.0,1,15.0
52645.0,3,4.0
52650.0,7,32.0
52655.0,3,46.0
52660.0,0,17.0
52665.0,1,5.0
52670.0,1,10.0
52675.0,1,2.0
52680.0,4,17.0
52685.0,0,12.0
52690.0,2,6.0
52695.0,3,7.0
52700.0,7,30.0
52705.0,2,37.0
52710.0,1,6.0
52715.0,1,8.0
52720.0,2,5.0
52725.0,5,25.0
52730.0,5,38.0
52735.0,0,17.0
52740.0,1,5.0
52745.0,1,2.0
52750.0,6,24.0
52755.0,5,42.0
52760.0,2,25.0
52765.0,2,15.0
52770.0,4,10.0
52775.0,7,37.0
52780.0,9,79.0
52785.0,5,85.0
52790.0,1,41.0
52795.0,2,11.0
52800.0,2,21.0
52805.0,1,10.0
52810.0,2,10.0
52815.0,3,12.0
52820.0,3,20.0
52825.0,2,14.0
52830.0,7,27.0
52835.0,5,50.0
52840.0,1,40.0
52845.0,2,17.0
52850.0,2,21.0
52855.0,1,1.0
52860.0,7,22.0
52865.0,8,51.0
52870.0,6,57.0
52875.0,3,50.0
52880.0,3,48.0
52885.0,0,20.0
52890.0,6,27.0
52895.0,8,54.0
52900.0,4,48.0
52905.0,2,35.0
52910.0,2,26.0
52915.0,7,47.0
52920.0,7,64.0
52925.0,0,29.0
52930.0,1,8.0
52935.0,2,12.0
52940.0,2,5.0
52945.0,6,29.0
52950.0,6,45.0
52955.0,1,21.0
52960.0,1,11.0
52965.0,1,1.0
52970.0,6,22.0
52975.0,2,30.0
52980.0,2,15.0
52985.0,2,23.0
52990.0,2,3.0
52995.0,6,26.0
53000.0,2,34.0
53005.0,1,13.0
53010.0,1,9.0
53015.0,1,14.0
53020.0,0,0.0
53025.0,2,4.0
53030.0,5,23.0
53035.0,0,21.0
53040.0,0,0.0
53045.0,1,3.0
53050.0,0,0.0
53055.0,3,9.0
53060.0,0,7.0
53065.0,0,0.0
53070.0,2,6.0
53075.0,0,4.0
53080.0,2,6.0
53085.0,0,3.0
53090.0,0,0.0
53095.0,0,0.0
53100.0,1,1.0
53105.0,1,6.0
53110.0,2,15.0
53115.0,6,37.0
53120.0,1,29.0
53125.0,0,3.0
53130.0,1,1.0
53135.0,4,16.0
53140.0,2,18.0
53145.0,2,10.0
53150.0,3,13.0
53155.0,6,34.0
53160.0,6,47.0
53165.0,1,28.0
53170.0,3,19.0
53175.0,2,11.0
53180.0,8,32.0
53185.0,5,50.0
53190.0,0,21.0
53195.0,1,5.0
53200.0,2,10.0
53205.0,1,1.0
53210.0,3,15.0
53215.0,7,43.0
53220.0,11,87.0
53225.0,15,155.0
53230.0,11,182.0
53235.0,9,155.0
53240.0,4,103.0
53245.0,1,88.0
53250.0,6,106.0
53255.0,6,106.0
53260.0,4,76.0
53265.0,2,36.0
53270.0,1,28.0
53275.0,1,18.0
53280.0,1,5.0
53285.0,5,20.0
53290.0,12,69.0
53295.0,11,108.0
53300.0,7,115.0
53305.0,2,79.0
53310.0,3,49.0
53315.0,1,31.0
53320.0,5,47.0
53325.0,8,58.0
53330.0,4,47.0
53335.0,4,48.0
53340.0,9,81.0
53345.0,10,107.0
53350.0,7,95.0
53355.0,2,62.0
53360.0,2,38.0
53365.0,3,29.0
53370.0,8,55.0
53375.0,7,69.0
53380.0,2,47.0
53385.0,1,17.0
53390.0,2,18.0
53395.0,9,46.0
53400.0,8,67.0
53405.0,8,69.0
53410.0,6,71.0
53415.0,3,68.0
53420.0,7,65.0
53425.0,10,92.0
53430.0,9,98.0
53435.0,3,92.0
53440.0,8,100.0
53445.0,10,114.0
53450.0,5,100.0
53455.0,5,76.0
53460.0,3,59.0
53465.0,1,34.0
53470.0,7,47.0
53475.0,13,98.0
53480.0,13,134.0
53485.0,8,125.0
53490.0,5,96.0
53495.0,2,72.0
53500.0,0,54.0
53505.0,5,72.0
53510.0,6,80.0
53515.0,3,50.0
53520.0,2,33.0
53525.0,2,28.0
53530.0,1,15.0
53535.0,7,33.0
53540.0,12,83.0
53545.0,8,109.0
53550.0,2,74.0
53555.0,0,18.0
53560.0,2,7.0
53565.0,1,3.0
53570.0,6,24.0
53575.0,3,38.0
53580.0,0,12.0
53585.0,1,2.0
53590.0,2,3.0
53595.0,7,31.0
53600.0,5,51.0
53605.0,0,27.0
53610.0,1,8.0
53615.0,1,6.0
53620.0,0,0.0
53625.0,7,19.0
53630.0,4,38.0
53635.0,1,24.0
53640.0,1,10.0
53645.0,1,14.0
53650.0,1,19.0
53655.0,1,1.0
53660.0,4,19.0
53665.0,1,22.0
53670.0,1,4.0
53675.0,2,11.0
53680.0,3,22.0
53685.0,1,9.0
53690.0,4,16.0
53695.0,0,15.0
53700.0,0,0.0
53705.0,3,6.0
53710.0,8,33.0
53715.0,6,54.0
53720.0,2,36.0
53725.0,5,25.0
53730.0,2,18.0
53735.0,6,27.0
53740.0,10,70.0
53745.0,7,94.0
53750.0,1,57.0
53755.0,2,18.0
53760.0,3,13.0
53765.0,8,40.0
53770.0,6,53.0
53775.0,1,31.0
53780.0,1,14.0
53785.0,1,14.0
53790.0,0,0.0
53795.0,6,20.0
53800.0,3,33.0
53805.0,2,15.0
53810.0,4,28.0
53815.0,0,15.0
53820.0,5,16.0
53825.0,2,27.0
53830.0,2,16.0
53835.0,4,22.0
53840.0,6,47.0
53845.0,3,38.0
53850.0,4,21.0
53855.0,1,20.0
53860.0,0,1.0
53865.0,1,3.0
53870.0,3,16.0
53875.0,2,11.0
53880.0,5,21.0
53885.0,1,21.0
53890.0,2,5.0
53895.0,1,5.0
53900.0,5,23.0
53905.0,1,26.0
53910.0,2,14.0
53915.0,4,26.0
53920.0,0,12.0
53925.0,6,18.0
53930.0,4,32.0
53935.0,1,17.0
53940.0,2,12.0
53945.0,1,4.0
53950.0,3,15.0
53955.0,4,33.0
53960.0,3,32.0
53965.0,3,14.0
53970.0,1,9.0
53975.0,6,24.0
53980.0,2,31.0
53985.0,1,9.0
53990.0,2,11.0
53995.0,2,21.0
54000.0,0,0.0
54005.0,3,10.0
54010.0,4,26.0
54015.0,6,51.0
54020.0,10,94.0
54025.0,15,156.0
54030.0,21,247.0
54035.0,23,357.0
54040.0,28,488.0
54045.0,29,632.0
54050.0,31,782.0
54055.0,32,940.0
54060.0,35,1108.0
54065.0,38,1296.0
54070.0,32,1341.0
54075.0,23,1184.0
54080.0,16,1021.0
54085.0,10,784.0
54090.0,1,774.0
54095.0,7,790.0
54100.0,13,842.0
54105.0,13,786.0
54110.0,11,608.0
54115.0,6,343.0
54120.0,2,137.0
54125.0,2,122.0
54130.0,7,143.0
54135.0,7,99.0
54140.0,3,73.0
54145.0,1,23.0
54150.0,2,19.0
54155.0,8,46.0
54160.0,11,72.0
54165.0,4,69.0
54170.0,4,70.0
54175.0,9,109.0
54180.0,10,133.0
54185.0,10,125.0
54190.0,4,131.0
54195.0,8,162.0
54200.0,9,168.0
54205.0,5,122.0
54210.0,2,84.0
54215.0,0,41.0
54220.0,1,37.0
54225.0,6,60.0
54230.0,7,72.0
54235.0,3,59.0
54240.0,3,37.0
54245.0,2,32.0
54250.0,2,32.0
54255.0,1,4.0
54260.0,5,25.0
54265.0,7,44.0
54270.0,2,35.0
54275.0,0,14.0
54280.0,1,6.0
54285.0,1,7.0
54290.0,2,4.0
54295.0,6,21.0
54300.0,2,27.0
54305.0,2,12.0
54310.0,3,23.0
54315.0,2,13.0
54320.0,4,20.0
54325.0,2,15.0
54330.0,1,8.0
54335.0,1,11.0
54340.0,1,1.0
54345.0,8,26.0
54350.0,5,46.0
54355.0,1,27.0
54360.0,2,13.0
54365.0,3,25.0
54370.0,2,11.0
54375.0,7,27.0
54380.0,7,51.0
54385.0,7,59.0
54390.0,3,50.0
54395.0,5,60.0
54400.0,2,41.0
54405.0,7,30.0
54410.0,7,51.0
54415.0,2,43.0
54420.0,2,23.0
54425.0,2,6.0
54430.0,6,25.0
54435.0,7,47.0
54440.0,1,31.0
54445.0,1,13.0
54450.0,1,7.0
54455.0,6,30.0
54460.0,5,46.0
54465.0,1,27.0
54470.0,1,7.0
54475.0,2,15.0
54480.0,0,0.0
54485.0,3,12.0
54490.0,3,20.0
54495.0,2,14.0
54500.0,2,16.0
54505.0,2,4.0
54510.0,7,24.0
54515.0,4,38.0
54520.0,0,16.0
54525.0,0,0.0
54530.0,1,4.0
54535.0,1,2.0
54540.0,4,15.0
54545.0,1,17.0
54550.0,1,4.0
54555.0,3,13.0
54560.0,2,7.0
54565.0,6,20.0
54570.0,2,28.0
54575.0,0,4.0
54580.0,0,0.0
54585.0,1,3.0
54590.0,1,2.0
54595.0,1,7.0
54600.0,0,1.0
54605.0,1,3.0
54610.0,3,6.0
54615.0,5,27.0
54620.0,1,31.0
54625.0,0,4.0
54630.0,1,2.0
54635.0,2,3.0
54640.0,5,22.0
54645.0,2,24.0
54650.0,1,6.0
54655.0,1,3.0
54660.0,6,22.0
54665.0,2,30.0
54670.0,1,9.0
54675.0,2,10.0
54680.0,2,6.0
54685.0,6,27.0
54690.0,3,37.0
54695.0,1,10.0
54700.0,2,14.0
54705.0,5,34.0
54710.0,7,64.0
54715.0,11,109.0
54720.0,13,169.0
54725.0,8,174.0
54730.0,3,110.0
54735.0,3,41.0
54740.0,1,31.0
54745.0,8,53.0
54750.0,5,60.0
54755.0,0,30.0
54760.0,4,38.0
54765.0,9,70.0
54770.0,8,81.0
54775.0,1,50.0
54780.0,2,21.0
54785.0,2,14.0
54790.0,6,40.0
54795.0,2,41.0
54800.0,0,9.0
54805.0,1,2.0
54810.0,2,11.0
54815.0,1,1.0
54820.0,3,14.0
54825.0,5,37.0
54830.0,0,29.0
54835.0,2,6.0
54840.0,2,16.0
54845.0,2,9.0
54850.0,8,35.0
54855.0,7,58.0
54860.0,3,45.0
54865.0,4,33.0
54870.0,4,50.0
54875.0,0,27.0
54880.0,6,21.0
54885.0,6,43.0
54890.0,2,24.0
54895.0,4,26.0
54900.0,2,19.0
54905.0,7,25.0
54910.0,8,53.0
54915.0,4,52.0
54920.0,4,43.0
54925.0,2,31.0
54930.0,8,32.0
54935.0,9,60.0
54940.0,5,59.0
54945.0,1,44.0
54950.0,1,25.0
54955.0,1,17.0
54960.0,8,41.0
54965.0,8,62.0
54970.0,4,55.0
54975.0,1,32.0
54980.0,3,27.0
54985.0,2,15.0
54990.0,6,31.0
54995.0,7,53.0
55000.0,3,50.0
55005.0,0,29.0
55010.0,1,14.0
55015.0,1,11.0
55020.0,0,0.0
55025.0,7,23.0
55030.0,4,42.0
55035.0,1,27.0
55040.0,2,16.0
55045.0,2,4.0
55050.0,8,32.0
55055.0,6,55.0
55060.0,2,45.0
55065.0,3,41.0
55070.0,8,66.0
55075.0,9,83.0
55080.0,7,78.0
55085.0,2,78.0
55090.0,7,96.0
55095.0,10,113.0
55100.0,8,105.0
55105.0,5,86.0
55110.0,2,76.0
55115.0,8,96.0
55120.0,8,110.0
55125.0,10,109.0
55130.0,5,137.0
55135.0,10,152.0
55140.0,11,165.0
55145.0,14,160.0
55150.0,7,178.0
55155.0,7,183.0
55160.0,9,188.0
55165.0,7,156.0
55170.0,6,113.0
55175.0,2,110.0
55180.0,8,128.0
55185.0,7,128.0
55190.0,4,93.0
55195.0,2,43.0
55200.0,2,22.0
55205.0,1,17.0
55210.0,6,34.0
55215.0,7,52.0
55220.0,4,54.0
55225.0,3,39.0
55230.0,4,40.0
55235.0,1,22.0
55240.0,7,26.0
55245.0,8,48.0
55250.0,1,42.0
55255.0,2,23.0
55260.0,2,15.0
55265.0,7,36.0
55270.0,9,78.0
55275.0,7,91.0
55280.0,2,65.0
55285.0,2,29.0
55290.0,3,26.0
55295.0,1,8.0
55300.0,6,19.0
55305.0,3,35.0
55310.0,1,16.0
55315.0,1,7.0
55320.0,2,4.0
55325.0,7,32.0
55330.0,7,55.0
55335.0,4,54.0
55340.0,2,56.0
55345.0,9,81.0
55350.0,9,102.0
55355.0,8,89.0
55360.0,1,88.0
55365.0,7,107.0
55370.0,7,116.0
55375.0,4,83.0
55380.0,1,37.0
55385.0,2,18.0
55390.0,1,14.0
55395.0,7,28.0
55400.0,6,49.0
55405.0,6,54.0
55410.0,2,49.0
55415.0,8,75.0
55420.0,8,95.0
55425.0,6,81.0
55430.0,3,50.0
55435.0,4,46.0
55440.0,2,39.0
55445.0,7,46.0
55450.0,6,63.0
55455.0,2,47.0
55460.0,0,17.0
55465.0,1,11.0
55470.0,1,10.0
55475.0,1,1.0
55480.0,6,21.0
55485.0,7,42.0
55490.0,3,36.0
55495.0,2,30.0
55500.0,6,36.0
55505.0,1,28.0
55510.0,7,26.0
55515.0,5,43.0
55520.0,0,18.0
55525.0,1,14.0
55530.0,6,33.0
55535.0,7,45.0
55540.0,6,47.0
55545.0,4,46.0
55550.0,5,57.0
55555.0,2,44.0
55560.0,7,27.0
55565.0,7,48.0
55570.0,5,52.0
55575.0,2,35.0
55580.0,7,55.0
55585.0,7,72.0
55590.0,3,57.0
55595.0,4,42.0
55600.0,2,39.0
55605.0,9,54.0
55610.0,9,79.0
55615.0,4,71.0
55620.0,1,35.0
55625.0,1,23.0
55630.0,0,2.0
55635.0,6,20.0
55640.0,5,41.0
55645.0,1,23.0
55650.0,1,10.0
55655.0,3,22.0
55660.0,2,11.0
55665.0,8,32.0
55670.0,5,54.0
55675.0,1,41.0
55680.0,2,18.0
55685.0,3,22.0
55690.0,0,5.0
55695.0,2,7.0
55700.0,3,22.0
55705.0,3,37.0
55710.0,7,62.0
55715.0,9,100.0
55720.0,13,159.0
55725.0,15,229.0
55730.0,20,320.0
55735.0,16,336.0
55740.0,9,274.0
55745.0,4,189.0
55750.0,3,119.0
55755.0,1,76.0
55760.0,5,79.0
55765.0,13,129.0
55770.0,13,150.0
55775.0,10,125.0
55780.0,8,119.0
55785.0,2,126.0
55790.0,7,138.0
55795.0,8,149.0
55800.0,6,105.0
55805.0,4,126.0
55810.0,7,156.0
55815.0,9,166.0
55820.0,6,119.0
55825.0,4,83.0
55830.0,1,72.0
55835.0,7,95.0
55840.0,7,107.0
55845.0,5,91.0
55850.0,2,58.0
55855.0,2,45.0
55860.0,1,14.0
55865.0,8,39.0
55870.0,7,60.0
55875.0,3,43.0
55880.0,2,27.0
55885.0,1,28.0
55890.0,5,46.0
55895.0,6,60.0
55900.0,2,47.0
55905.0,0,18.0
55910.0,0,4.0
55915.0,2,4.0
55920.0,7,27.0
55925.0,7,48.0
55930.0,4,42.0
55935.0,1,38.0
55940.0,6,58.0
55945.0,6,71.0
55950.0,3,58.0
55955.0,1,37.0
55960.0,3,36.0
55965.0,5,43.0
55970.0,1,34.0
55975.0,6,26.0
55980.0,8,51.0
55985.0,2,46.0
55990.0,3,33.0
55995.0,1,19.0
56000.0,8,38.0
56005.0,8,60.0
56010.0,3,45.0
56015.0,3,34.0
56020.0,3,32.0
56025.0,1,14.0
56030.0,6,18.0
56035.0,6,41.0
56040.0,1,27.0
56045.0,2,17.0
56050.0,2,17.0
56055.0,0,0.0
56060.0,4,10.0
56065.0,2,17.0
56070.0,0,6.0
56075.0,2,3.0
56080.0,3,17.0
56085.0,0,7.0
56090.0,2,7.0
56095.0,2,12.0
56100.0,0,4.0
56105.0,1,3.0
56110.0,1,8.0
56115.0,2,3.0
56120.0,5,22.0
56125.0,1,22.0
56130.0,1,3.0
56135.0,3,9.0
56140.0,4,29.0
56145.0,0,18.0
56150.0,0,0.0
56155.0,2,3.0
56160.0,3,14.0
56165.0,1,7.0
56170.0,3,12.0
56175.0,2,11.0
56180.0,6,30.0
56185.0,2,37.0
56190.0,1,9.0
56195.0,3,17.0
56200.0,8,46.0
56205.0,5,50.0
56210.0,7,44.0
56215.0,8,67.0
56220.0,4,71.0
56225.0,2,20.0
56230.0,1,8.0
56235.0,8,31.0
56240.0,5,47.0
56245.0,3,34.0
56250.0,4,26.0
56255.0,2,21.0
56260.0,7,26.0
56265.0,5,45.0
56270.0,2,36.0
56275.0,3,21.0
56280.0,4,31.0
56285.0,2,19.0
56290.0,8,29.0
56295.0,3,43.0
56300.0,1,16.0
56305.0,1,9.0
56310.0,1,14.0
56315.0,1,1.0
56320.0,5,20.0
56325.0,2,27.0
56330.0,0,5.0
56335.0,1,5.0
56340.0,1,2.0
56345.0,5,20.0
56350.0,1,21.0
56355.0,2,9.0
56360.0,2,3.0
56365.0,6,24.0
56370.0,4,38.0
56375.0,0,17.0
56380.0,2,5.0
56385.0,2,15.0
56390.0,0,3.0
56395.0,2,8.0
56400.0,1,10.0
56405.0,3,10.0
56410.0,1,13.0
56415.0,6,26.0
56420.0,3,40.0
56425.0,4,23.0
56430.0,4,33.0
56435.0,3,26.0
56440.0,6,31.0
56445.0,3,41.0
56450.0,5,26.0
56455.0,4,36.0
56460.0,9,51.0
56465.0,5,64.0
56470.0,3,43.0
56475.0,2,41.0
56480.0,7,64.0
56485.0,8,74.0
56490.0,2,48.0
56495.0,3,25.0
56500.0,1,10.0
56505.0,7,28.0
56510.0,8,51.0
56515.0,3,48.0
56520.0,3,35.0
56525.0,2,25.0
56530.0,8,40.0
56535.0,8,60.0
56540.0,5,61.0
56545.0,4,53.0
56550.0,2,38.0
56555.0,7,49.0
56560.0,14,107.0
56565.0,13,149.0
56570.0,9,145.0
56575.0,3,104.0
56580.0,2,90.0
56585.0,8,112.0
56590.0,8,126.0
56595.0,4,90.0
56600.0,3,101.0
56605.0,10,137.0
56610.0,10,143.0
56615.0,5,106.0
56620.0,5,73.0
56625.0,3,87.0
56630.0,7,112.0
56635.0,13,166.0
56640.0,15,205.0
56645.0,10,194.0
56650.0,10,235.0
56655.0,14,295.0
56660.0,9,306.0
56665.0,7,263.0
56670.0,7,195.0
56675.0,5,211.0
56680.0,7,232.0
56685.0,7,225.0
56690.0,5,177.0
56695.0,4,124.0
56700.0,1,116.0
56705.0,6,133.0
56710.0,7,134.0
56715.0,3,88.0
56720.0,2,39.0
56725.0,2,38.0
56730.0,8,67.0
56735.0,8,87.0
56740.0,7,79.0
56745.0,3,59.0
56750.0,1,57.0
56755.0,7,79.0
56760.0,7,97.0
56765.0,5,83.0
56770.0,4,55.0
56775.0,3,44.0
56780.0,2,25.0
56785.0,7,41.0
56790.0,6,57.0
56795.0,3,49.0
56800.0,2,33.0
56805.0,3,29.0
56810.0,2,21.0
56815.0,8,41.0
56820.0,7,63.0
56825.0,5,54.0
56830.0,1,36.0
56835.0,2,29.0
56840.0,8,54.0
56845.0,7,74.0
56850.0,6,65.0
56855.0,0,48.0
56860.0,7,65.0
56865.0,7,79.0
56870.0,7,77.0
56875.0,4,64.0
56880.0,2,52.0
56885.0,7,56.0
56890.0,9,78.0
56895.0,5,70.0
56900.0,2,51.0
56905.0,2,37.0
56910.0,1,13.0
56915.0,7,31.0
56920.0,5,48.0
56925.0,3,41.0
56930.0,1,21.0
56935.0,2,20.0
56940.0,1,4.0
56945.0,6,26.0
56950.0,6,49.0
56955.0,3,41.0
56960.0,3,29.0
56965.0,2,18.0
56970.0,7,39.0
56975.0,8,58.0
56980.0,2,39.0
56985.0,3,29.0
56990.0,4,29.0
56995.0,2,20.0
57000.0,8,30.0
57005.0,9,53.0
57010.0,6,56.0
57015.0,5,52.0
57020.0,5,62.0
57025.0,1,42.0
57030.0,6,26.0
57035.0,7,44.0
57040.0,2,36.0
57045.0,2,23.0
57050.0,2,29.0
57055.0,1,2.0
57060.0,5,19.0
57065.0,1,22.0
57070.0,3,15.0
57075.0,1,9.0
57080.0,5,19.0
57085.0,0,19.0
57090.0,2,6.0
57095.0,1,2.0
57100.0,6,21.0
57105.0,4,33.0
57110.0,0,14.0
57115.0,2,7.0
57120.0,3,16.0
57125.0,1,6.0
57130.0,3,14.0
57135.0,2,18.0
57140.0,1,8.0
57145.0,3,19.0
57150.0,0,13.0
57155.0,4,11.0
57160.0,4,23.0
57165.0,3,18.0
57170.0,3,29.0
57175.0,2,17.0
57180.0,5,27.0
57185.0,2,31.0
57190.0,0,3.0
57195.0,0,1.0
57200.0,7,21.0
57205.0,6,43.0
57210.0,2,38.0
57215.0,4,41.0
57220.0,8,67.0
57225.0,9,85.0
57230.0,5,70.0
57235.0,2,50.0
57240.0,4,43.0
57245.0,2,38.0
57250.0,7,45.0
57255.0,8,61.0
57260.0,4,49.0
57265.0,1,28.0
57270.0,1,22.0
57275.0,0,3.0
57280.0,5,18.0
57285.0,8,41.0
57290.0,3,44.0
57295.0,4,38.0
57300.0,1,27.0
57305.0,7,32.0
57310.0,6,47.0
57315.0,1,26.0
57320.0,2,14.0
57325.0,2,5.0
57330.0,5,25.0
57335.0,0,22.0
57340.0,3,8.0
57345.0,1,7.0
57350.0,6,24.0
57355.0,3,36.0
57360.0,2,20.0
57365.0,2,18.0
57370.0,1,5.0
57375.0,7,25.0
57380.0,5,47.0
57385.0,1,22.0
57390.0,1,14.0
57395.0,1,2.0
57400.0,4,14.0
57405.0,3,24.0
57410.0,0,9.0
57415.0,1,4.0
57420.0,2,14.0
57425.0,0,0.0
57430.0,2,6.0
57435.0,0,3.0
57440.0,4,10.0
57445.0,1,11.0
57450.0,4,18.0
57455.0,1,17.0
57460.0,2,10.0
57465.0,3,21.0
57470.0,0,5.0
57475.0,4,9.0
57480.0,9,42.0
57485.0,5,60.0
57490.0,0,31.0
57495.0,0,1.0
57500.0,1,2.0
57505.0,6,27.0
57510.0,2,35.0
57515.0,1,12.0
57520.0,2,12.0
57525.0,1,2.0
57530.0,6,23.0
57535.0,2,34.0
57540.0,1,5.0
57545.0,2,8.0
57550.0,2,5.0
57555.0,6,22.0
57560.0,2,26.0
57565.0,2,15.0
57570.0,4,24.0
57575.0,2,22.0
57580.0,5,25.0
57585.0,1,29.0
57590.0,1,8.0
57595.0,1,2.0
57600.0,7,26.0
57605.0,3,39.0
57610.0,1,19.0
57615.0,3,13.0
57620.0,6,36.0
57625.0,2,33.0
57630.0,3,12.0
57635.0,8,44.0
57640.0,6,63.0
57645.0,2,41.0
57650.0,3,31.0
57655.0,8,62.0
57660.0,7,70.0
57665.0,2,42.0
57670.0,3,22.0
57675.0,5,38.0
57680.0,2,24.0
57685.0,8,33.0
57690.0,9,62.0
57695.0,6,70.0
57700.0,1,54.0
57705.0,7,70.0
57710.0,6,82.0
57715.0,5,63.0
57720.0,2,39.0
57725.0,4,41.0
57730.0,4,31.0
57735.0,7,39.0
57740.0,11,66.0
57745.0,7,76.0
57750.0,1,66.0
57755.0,8,77.0
57760.0,10,101.0
57765.0,7,81.0
57770.0,2,89.0
57775.0,6,107.0
57780.0,8,115.0
57785.0,5,93.0
57790.0,4,60.0
57795.0,2,62.0
57800.0,8,88.0
57805.0,8,101.0
57810.0,5,81.0
57815.0,7,101.0
57820.0,9,138.0
57825.0,10,154.0
57830.0,7,129.0
57835.0,7,143.0
57840.0,10,187.0
57845.0,10,197.0
57850.0,6,167.0
57855.0,5,118.0
57860.0,3,101.0
57865.0,2,65.0
57870.0,6,77.0
57875.0,6,90.0
57880.0,2,69.0
57885.0,1,25.0
57890.0,1,9.0
57895.0,1,4.0
57900.0,6,25.0
57905.0,7,48.0
57910.0,4,49.0
57915.0,1,30.0
57920.0,2,20.0
57925.0,1,4.0
57930.0,7,28.0
57935.0,7,49.0
57940.0,3,48.0
57945.0,4,35.0
57950.0,2,37.0
57955.0,6,45.0
57960.0,7,63.0
57965.0,3,55.0
57970.0,2,51.0
57975.0,7,62.0
57980.0,10,81.0
57985.0,5,70.0
57990.0,2,53.0
57995.0,3,49.0
58000.0,3,19.0
58005.0,7,37.0
58010.0,6,52.0
58015.0,4,45.0
58020.0,1,30.0
58025.0,1,21.0
58030.0,1,18.0
58035.0,2,3.0
58040.0,7,24.0
58045.0,8,45.0
58050.0,3,40.0
58055.0,2,29.0
58060.0,3,31.0
58065.0,1,8.0
58070.0,7,28.0
58075.0,5,51.0
58080.0,1,36.0
58085.0,5,26.0
58090.0,3,23.0
58095.0,7,30.0
58100.0,6,48.0
58105.0,5,47.0
58110.0,4,56.0
58115.0,9,57.0
58120.0,10,78.0
58125.0,6,81.0
58130.0,4,85.0
58135.0,9,105.0
58140.0,10,125.0
58145.0,8,96.0
58150.0,4,74.0
58155.0,7,73.0
58160.0,4,66.0
58165.0,5,50.0
58170.0,9,68.0
58175.0,6,68.0
58180.0,5,71.0
58185.0,0,50.0
58190.0,6,34.0
58195.0,6,50.0
58200.0,1,29.0
58205.0,1,12.0
58210.0,2,19.0
58215.0,2,7.0
58220.0,7,32.0
58225.0,3,45.0
58230.0,0,16.0
58235.0,2,3.0
58240.0,3,15.0
58245.0,1,9.0
58250.0,6,22.0
58255.0,5,38.0
58260.0,2,21.0
58265.0,2,17.0
58270.0,2,27.0
58275.0,1,5.0
58280.0,2,11.0
58285.0,0,6.0
58290.0,1,5.0
58295.0,1,10.0
58300.0,1,15.0
58305.0,0,0.0
58310.0,3,9.0
58315.0,1,11.0
58320.0,1,7.0
58325.0,2,4.0
58330.0,7,29.0
58335.0,8,68.0
58340.0,4,74.0
58345.0,1,29.0
58350.0,1,20.0
58355.0,6,45.0
58360.0,6,56.0
58365.0,0,35.0
58370.0,2,12.0
58375.0,3,20.0
58380.0,2,9.0
58385.0,7,27.0
58390.0,5,43.0
58395.0,2,24.0
58400.0,2,17.0
58405.0,2,9.0
58410.0,8,35.0
58415.0,6,56.0
58420.0,1,40.0
58425.0,3,40.0
58430.0,8,71.0
58435.0,9,94.0
58440.0,9,92.0
58445.0,6,101.0
58450.0,9,132.0
58455.0,9,149.0
58460.0,6,133.0
58465.0,4,134.0
58470.0,11,171.0
58475.0,13,230.0
58480.0,20,317.0
58485.0,28,440.0
58490.0,34,600.0
58495.0,38,785.0
58500.0,32,877.0
58505.0,23,846.0
58510.0,16,717.0
58515.0,11,650.0
58520.0,2,585.0
58525.0,5,566.0
58530.0,6,528.0
58535.0,6,421.0
58540.0,4,426.0
58545.0,10,452.0
58550.0,9,418.0
58555.0,5,298.0
58560.0,4,110.0
58565.0,2,49.0
58570.0,1,36.0
58575.0,7,52.0
58580.0,7,66.0
58585.0,4,55.0
58590.0,2,57.0
58595.0,8,82.0
58600.0,10,99.0
58605.0,7,86.0
58610.0,3,69.0
58615.0,5,57.0
58620.0,1,36.0
58625.0,6,35.0
58630.0,7,52.0
58635.0,1,32.0
58640.0,0,11.0
58645.0,1,2.0
58650.0,1,1.0
58655.0,6,21.0
58660.0,3,33.0
58665.0,0,12.0
58670.0,0,1.0
58675.0,1,1.0
58680.0,2,9.0
58685.0,0,0.0
58690.0,4,15.0
58695.0,3,23.0
58700.0,1,11.0
58705.0,3,13.0
58710.0,7,42.0
58715.0,6,58.0
58720.0,0,37.0
58725.0,2,15.0
58730.0,2,9.0
58735.0,6,33.0
58740.0,6,52.0
58745.0,0,35.0
58750.0,3,17.0
58755.0,4,28.0
58760.0,1,19.0
58765.0,6,20.0
58770.0,4,37.0
58775.0,1,18.0
58780.0,2,9.0
58785.0,3,6.0
58790.0,6,30.0
58795.0,3,41.0
58800.0,0,13.0
58805.0,1,2.0
58810.0,2,9.0
58815.0,2,2.0
58820.0,4,18.0
58825.0,0,19.0
58830.0,0,0.0
58835.0,1,3.0
58840.0,1,1.0
58845.0,4,14.0
58850.0,0,14.0
58855.0,1,5.0
58860.0,1,2.0
58865.0,4,16.0
58870.0,0,11.0
58875.0,0,0.0
58880.0,2,5.0
58885.0,7,32.0
58890.0,7,67.0
58895.0,10,112.0
58900.0,7,119.0
58905.0,1,63.0
58910.0,2,14.0
58915.0,2,8.0
58920.0,8,38.0
58925.0,6,56.0
58930.0,1,38.0
58935.0,2,15.0
58940.0,1,3.0
58945.0,7,27.0
58950.0,6,49.0
58955.0,3,39.0
58960.0,3,30.0
58965.0,2,19.0
58970.0,7,29.0
58975.0,8,52.0
58980.0,4,55.0
58985.0,6,53.0
58990.0,7,74.0
58995.0,2,66.0
59000.0,7,37.0
59005.0,8,68.0
59010.0,6,82.0
59015.0,5,74.0
59020.0,2,51.0
59025.0,7,44.0
59030.0,9,70.0
59035.0,4,64.0
59040.0,3,50.0
59045.0,8,71.0
59050.0,8,87.0
59055.0,3,58.0
59060.0,0,26.0
59065.0,0,2.0
59070.0,0,0.0
59075.0,2,3.0
59080.0,6,25.0
59085.0,5,43.0
59090.0,2,29.0
59095.0,3,26.0
59100.0,2,10.0
59105.0,5,22.0
59110.0,4,35.0
59115.0,0,17.0
59120.0,1,6.0
59125.0,2,14.0
59130.0,2,2.0
59135.0,3,15.0
59140.0,1,13.0
59145.0,2,7.0
59150.0,3,20.0
59155.0,2,13.0
59160.0,5,22.0
59165.0,2,24.0
59170.0,2,9.0
59175.0,3,20.0
59180.0,5,42.0
59185.0,1,29.0
59190.0,3,11.0
59195.0,5,33.0
59200.0,1,32.0
59205.0,2,8.0
59210.0,4,18.0
59215.0,9,53.0
59220.0,6,67.0
59225.0,2,35.0
59230.0,5,27.0
59235.0,3,28.0
59240.0,7,26.0
59245.0,2,35.0
59250.0,1,16.0
59255.0,2,15.0
59260.0,3,6.0
59265.0,8,37.0
59270.0,6,61.0
59275.0,1,44.0
59280.0,3,24.0
59285.0,1,19.0
59290.0,6,27.0
59295.0,7,44.0
59300.0,5,50.0
59305.0,3,47.0
59310.0,8,65.0
59315.0,9,87.0
59320.0,4,74.0
59325.0,4,52.0
59330.0,1,45.0
59335.0,2,39.0
59340.0,2,21.0
59345.0,9,50.0
59350.0,7,75.0
59355.0,7,77.0
59360.0,3,57.0
59365.0,2,46.0
59370.0,7,63.0
59375.0,7,83.0
59380.0,2,60.0
59385.0,1,20.0
59390.0,2,16.0
59395.0,2,4.0
59400.0,7,30.0
59405.0,6,56.0
59410.0,0,35.0
59415.0,1,7.0
59420.0,2,10.0
59425.0,1,1.0
59430.0,4,13.0
59435.0,1,17.0
59440.0,0,1.0
59445.0,1,5.0
59450.0,2,14.0
59455.0,1,1.0
59460.0,5,18.0
59465.0,2,24.0
59470.0,1,7.0
59475.0,2,9.0
59480.0,2,6.0
59485.0,7,29.0
59490.0,5,42.0
59495.0,2,24.0
59500.0,1,20.0
59505.0,7,39.0
59510.0,7,56.0
59515.0,2,46.0
59520.0,2,28.0
59525.0,2,27.0
59530.0,1,5.0
59535.0,8,24.0
59540.0,6,48.0
59545.0,3,40.0
59550.0,0,21.0
59555.0,1,12.0
59560.0,1,7.0
59565.0,8,32.0
59570.0,7,59.0
59575.0,1,45.0
59580.0,1,16.0
59585.0,2,19.0
59590.0,1,4.0
59595.0,7,23.0
59600.0,5,41.0
59605.0,1,28.0
59610.0,3,16.0
59615.0,2,13.0
59620.0,8,36.0
59625.0,5,56.0
59630.0,0,30.0
59635.0,2,7.0
59640.0,1,3.0
59645.0,6,22.0
59650.0,5,41.0
59655.0,0,17.0
59660.0,2,6.0
59665.0,1,4.0
59670.0,5,18.0
59675.0,6,40.0
59680.0,3,38.0
59685.0,5,35.0
59690.0,1,28.0
59695.0,7,27.0
59700.0,3,41.0
59705.0,1,16.0
59710.0,1,8.0
59715.0,6,30.0
59720.0,1,29.0
59725.0,1,5.0
59730.0,0,0.0
59735.0,2,7.0
59740.0,0,5.0
59745.0,0,0.0
59750.0,2,5.0
59755.0,1,2.0
59760.0,5,20.0
59765.0,1,23.0
59770.0,0,3.0
59775.0,0,0.0
59780.0,0,0.0
59785.0,4,12.0
59790.0,4,25.0
59795.0,3,22.0
59800.0,1,12.0
59805.0,4,18.0
59810.0,2,22.0
59815.0,1,8.0
59820.0,1,7.0
59825.0,2,3.0
59830.0,4,19.0
59835.0,1,19.0
59840.0,1,8.0
59845.0,1,13.0
59850.0,1,18.0
59855.0,1,1.0
59860.0,4,15.0
59865.0,2,21.0
59870.0,2,11.0
59875.0,2,16.0
59880.0,1,4.0
59885.0,6,22.0
59890.0,4,41.0
59895.0,1,23.0
59900.0,4,24.0
59905.0,8,54.0
59910.0,7,66.0
59915.0,1,39.0
59920.0,2,16.0
59925.0,2,10.0
59930.0,8,38.0
59935.0,7,59.0
59940.0,2,50.0
59945.0,2,26.0
59950.0,2,26.0
59955.0,1,3.0
59960.0,5,16.0
59965.0,5,38.0
59970.0,0,22.0
59975.0,3,12.0
59980.0,3,10.0
59985.0,9,34.0
59990.0,10,67.0
59995.0,6,68.0
60000.0,6,62.0
60005.0,4,60.0
60010.0,8,45.0
60015.0,8,64.0
60020.0,4,53.0
60025.0,2,41.0
60030.0,6,46.0
60035.0,8,62.0
60040.0,5,58.0
60045.0,3,45.0
60050.0,1,28.0
60055.0,7,44.0
60060.0,6,63.0
60065.0,2,42.0
60070.0,2,24.0
60075.0,1,8.0
60080.0,7,28.0
60085.0,7,49.0
60090.0,4,39.0
60095.0,2,29.0
60100.0,8,44.0
60105.0,8,61.0
60110.0,6,60.0
60115.0,3,47.0
60120.0,2,32.0
60125.0,6,44.0
60130.0,7,61.0
60135.0,2,46.0
60140.0,1,25.0
60145.0,2,15.0
60150.0,2,4.0
60155.0,7,24.0
60160.0,5,45.0
60165.0,4,46.0
60170.0,1,38.0
60175.0,6,48.0
60180.0,9,64.0
60185.0,5,60.0
60190.0,2,55.0
60195.0,8,79.0
60200.0,14,136.0
60205.0,14,172.0
60210.0,8,160.0
60215.0,5,165.0
60220.0,7,192.0
60225.0,13,242.0
60230.0,16,269.0
60235.0,14,247.0
60240.0,10,200.0
60245.0,3,158.0
60250.0,0,123.0
60255.0,6,134.0
60260.0,6,133.0
60265.0,5,102.0
60270.0,3,99.0
60275.0,9,121.0
60280.0,9,129.0
60285.0,8,102.0
60290.0,7,88.0
60295.0,1,84.0
60300.0,8,97.0
60305.0,9,114.0
60310.0,7,110.0
60315.0,4,124.0
60320.0,9,153.0
60325.0,9,165.0
60330.0,8,135.0
60335.0,6,104.0
60340.0,3,103.0
60345.0,7,125.0
60350.0,6,135.0
60355.0,4,108.0
60360.0,3,70.0
60365.0,2,48.0
60370.0,2,32.0
60375.0,7,60.0
60380.0,7,72.0
60385.0,4,52.0
60390.0,4,44.0
60395.0,2,42.0
60400.0,8,61.0
60405.0,9,84.0
60410.0,8,79.0
60415.0,4,89.0
60420.0,9,104.0
60425.0,8,120.0
60430.0,6,100.0
60435.0,3,62.0
60440.0,2,50.0
60445.0,9,76.0
60450.0,8,98.0
60455.0,5,72.0
60460.0,4,52.0
60465.0,2,45.0
60470.0,1,28.0
60475.0,6,44.0
60480.0,6,58.0
60485.0,5,55.0
60490.0,4,44.0
60495.0,1,33.0
60500.0,7,51.0
60505.0,8,73.0
60510.0,6,77.0
60515.0,5,71.0
60520.0,2,60.0
60525.0,8,70.0
60530.0,8,88.0
60535.0,5,78.0
60540.0,4,51.0
60545.0,0,33.0
60550.0,2,33.0
60555.0,8,55.0
60560.0,7,73.0
60565.0,5,65.0
60570.0,1,37.0
60575.0,2,21.0
60580.0,1,7.0
60585.0,5,23.0
60590.0,3,33.0
60595.0,4,26.0
60600.0,4,38.0
60605.0,1,23.0
60610.0,7,22.0
60615.0,6,45.0
60620.0,2,33.0
60625.0,2,21.0
60630.0,4,36.0
60635.0,2,19.0
60640.0,7,30.0
60645.0,5,49.0
60650.0,2,33.0
60655.0,2,20.0
60660.0,3,6.0
60665.0,8,33.0
60670.0,6,53.0
60675.0,1,34.0
60680.0,0,7.0
60685.0,2,7.0
60690.0,2,17.0
60695.0,1,3.0
60700.0,3,10.0
60705.0,1,5.0
60710.0,4,14.0
60715.0,0,13.0
60720.0,1,1.0
60725.0,0,3.0
60730.0,0,0.0
60735.0,1,1.0
60740.0,5,19.0
60745.0,4,33.0
60750.0,1,21.0
60755.0,3,16.0
60760.0,4,36.0
60765.0,0,23.0
60770.0,1,5.0
60775.0,6,24.0
60780.0,5,36.0
60785.0,2,20.0
60790.0,4,27.0
60795.0,10,64.0
60800.0,8,80.0
60805.0,1,49.0
60810.0,2,27.0
60815.0,3,28.0
60820.0,2,4.0
60825.0,6,22.0
60830.0,5,41.0
60835.0,2,30.0
60840.0,1,12.0
60845.0,1,15.0
60850.0,2,4.0
60855.0,3,18.0
60860.0,7,46.0
60865.0,4,50.0
60870.0,2,29.0
60875.0,4,26.0
60880.0,1,15.0
60885.0,7,24.0
60890.0,5,44.0
60895.0,2,29.0
60900.0,1,10.0
60905.0,2,15.0
60910.0,0,0.0
60915.0,7,21.0
60920.0,7,46.0
60925.0,3,39.0
60930.0,1,17.0
60935.0,2,15.0
60940.0,7,37.0
60945.0,6,50.0
60950.0,2,41.0
60955.0,2,24.0
60960.0,1,12.0
60965.0,7,33.0
60970.0,5,48.0
60975.0,1,29.0
60980.0,2,26.0
60985.0,8,55.0
60990.0,7,74.0
60995.0,0,46.0
61000.0,2,15.0
61005.0,2,16.0
61010.0,8,40.0
61015.0,7,57.0
61020.0,7,64.0
61025.0,5,57.0
61030.0,6,68.0
61035.0,3,57.0
61040.0,6,32.0
61045.0,9,60.0
61050.0,5,66.0
61055.0,1,58.0
61060.0,8,66.0
61065.0,9,92.0
61070.0,7,84.0
61075.0,5,92.0
61080.0,7,123.0
61085.0,8,131.0
61090.0,6,109.0
61095.0,4,82.0
61100.0,4,73.0
61105.0,1,49.0
61110.0,6,49.0
61115.0,8,63.0
61120.0,3,43.0
61125.0,0,23.0
61130.0,0,6.0
61135.0,2,9.0
61140.0,8,35.0
61145.0,9,61.0
61150.0,6,62.0
61155.0,3,55.0
61160.0,2,48.0
61165.0,8,67.0
61170.0,6,82.0
61175.0,5,60.0
61180.0,1,35.0
61185.0,4,37.0
61190.0,0,20.0
61195.0,7,29.0
61200.0,7,51.0
61205.0,1,35.0
61210.0,2,18.0
61215.0,3,26.0
61220.0,1,8.0
61225.0,7,21.0
61230.0,7,51.0
61235.0,4,56.0
61240.0,2,55.0
61245.0,9,84.0
61250.0,10,107.0
61255.0,7,97.0
61260.0,4,71.0
61265.0,1,61.0
61270.0,1,41.0
61275.0,2,35.0
61280.0,0,2.0
61285.0,5,16.0
61290.0,5,38.0
61295.0,1,29.0
61300.0,1,9.0
61305.0,3,13.0
61310.0,1,6.0
61315.0,6,20.0
61320.0,7,45.0
61325.0,2,41.0
61330.0,2,25.0
61335.0,2,16.0
61340.0,8,42.0
61345.0,5,59.0
61350.0,2,40.0
61355.0,2,15.0
61360.0,3,22.0
61365.0,2,8.0
61370.0,7,29.0
61375.0,5,49.0
61380.0,0,29.0
61385.0,0,2.0
61390.0,0,0.0
61395.0,1,1.0
61400.0,6,23.0
61405.0,3,33.0
61410.0,2,17.0
61415.0,3,11.0
61420.0,8,35.0
61425.0,3,45.0
61430.0,0,16.0
61435.0,1,4.0
61440.0,1,9.0
61445.0,2,18.0
61450.0,0,0.0
61455.0,5,18.0
61460.0,2,27.0
61465.0,2,12.0
61470.0,4,23.0
61475.0,7,47.0
61480.0,8,84.0
61485.0,4,84.0
61490.0,0,33.0
61495.0,1,5.0
61500.0,1,9.0
61505.0,2,16.0
61510.0,0,0.0
61515.0,0,0.0
61520.0,0,0.0
61525.0,1,2.0
61530.0,3,11.0
61535.0,4,29.0
61540.0,0,20.0
61545.0,3,6.0
61550.0,4,22.0
61555.0,1,20.0
61560.0,0,0.0
61565.0,0,0.0
61570.0,0,0.0
61575.0,0,0.0
61580.0,4,13.0
61585.0,0,13.0
61590.0,1,1.0
61595.0,2,5.0
61600.0,6,24.0
61605.0,4,39.0
61610.0,2,24.0
61615.0,4,27.0
61620.0,8,59.0
61625.0,6,73.0
61630.0,0,40.0
61635.0,0,5.0
61640.0,0,0.0
61645.0,1,1.0
61650.0,2,11.0
61655.0,0,2.0
61660.0,1,3.0
61665.0,0,0.0
61670.0,3,7.0
61675.0,0,5.0
61680.0,0,0.0
61685.0,0,0.0
61690.0,0,0.0
61695.0,5,17.0
61700.0,3,28.0
61705.0,2,13.0
61710.0,4,16.0
61715.0,8,48.0
61720.0,5,60.0
61725.0,1,35.0
61730.0,0,5.0
61735.0,1,6.0
61740.0,7,31.0
61745.0,7,56.0
61750.0,5,58.0
61755.0,5,50.0
61760.0,3,46.0
61765.0,5,53.0
61770.0,1,35.0
61775.0,7,31.0
61780.0,7,50.0
61785.0,4,53.0
61790.0,3,44.0
61795.0,2,34.0
61800.0,7,45.0
61805.0,5,56.0
61810.0,0,25.0
61815.0,3,10.0
61820.0,1,9.0
61825.0,6,23.0
61830.0,7,46.0
61835.0,3,42.0
61840.0,2,26.0
61845.0,4,29.0
61850.0,2,15.0
61855.0,7,26.0
61860.0,7,51.0
61865.0,2,44.0
61870.0,2,25.0
61875.0,2,27.0
61880.0,1,4.0
61885.0,6,23.0
61890.0,3,36.0
61895.0,0,11.0
61900.0,1,5.0
61905.0,1,1.0
61910.0,6,22.0
61915.0,3,31.0
61920.0,0,6.0
61925.0,3,9.0
61930.0,3,9.0
61935.0,8,33.0
61940.0,5,55.0
61945.0,1,27.0
61950.0,2,27.0
61955.0,9,56.0
61960.0,8,75.0
61965.0,4,61.0
61970.0,2,36.0
61975.0,2,24.0
61980.0,2,29.0
61985.0,0,0.0
61990.0,1,2.0
61995.0,0,3.0
62000.0,2,7.0
62005.0,2,6.0
62010.0,6,24.0
62015.0,1,30.0
62020.0,0,0.0
62025.0,1,2.0
62030.0,2,3.0
62035.0,7,27.0
62040.0,7,47.0
62045.0,1,36.0
62050.0,2,19.0
62055.0,2,9.0
62060.0,7,36.0
62065.0,6,53.0
62070.0,3,42.0
62075.0,2,35.0
62080.0,7,52.0
62085.0,8,70.0
62090.0,2,42.0
62095.0,2,25.0
62100.0,2,19.0
62105.0,9,46.0
62110.0,7,66.0
62115.0,2,40.0
62120.0,3,23.0
62125.0,1,12.0
62130.0,6,26.0
62135.0,5,43.0
62140.0,1,28.0
62145.0,2,19.0
62150.0,4,27.0
62155.0,1,13.0
62160.0,7,23.0
62165.0,8,49.0
62170.0,3,45.0
62175.0,3,31.0
62180.0,1,29.0
62185.0,7,46.0
62190.0,8,64.0
62195.0,3,53.0
62200.0,1,30.0
62205.0,3,23.0
62210.0,5,38.0
62215.0,0,24.0
62220.0,4,17.0
62225.0,3,24.0
62230.0,2,11.0
62235.0,3,24.0
62240.0,1,11.0
62245.0,7,27.0
62250.0,5,46.0
62255.0,2,26.0
62260.0,2,17.0
62265.0,3,10.0
62270.0,8,36.0
62275.0,13,90.0
62280.0,18,172.0
62285.0,18,233.0
62290.0,11,231.0
62295.0,9,190.0
62300.0,1,189.0
62305.0,7,191.0
62310.0,8,191.0
62315.0,6,148.0
62320.0,3,129.0
62325.0,7,141.0
62330.0,8,136.0
62335.0,5,87.0
62340.0,2,82.0
62345.0,9,108.0
62350.0,8,122.0
62355.0,7,107.0
62360.0,4,73.0
62365.0,3,55.0
62370.0,2,36.0
62375.0,7,52.0
62380.0,8,70.0
62385.0,4,57.0
62390.0,4,43.0
62395.0,4,38.0
62400.0,1,30.0
62405.0,5,36.0
62410.0,12,81.0
62415.0,19,162.0
62420.0,23,268.0
62425.0,17,321.0
62430.0,13,304.0
62435.0,3,287.0
62440.0,7,304.0
62445.0,7,293.0
62450.0,6,224.0
62455.0,9,252.0
62460.0,10,291.0
62465.0,9,276.0
62470.0,8,197.0
62475.0,5,109.0
62480.0,5,86.0
62485.0,2,75.0
62490.0,9,87.0
62495.0,7,101.0
62500.0,3,71.0
62505.0,3,73.0
62510.0,7,101.0
62515.0,8,105.0
62520.0,4,74.0
62525.0,3,43.0
62530.0,3,37.0
62535.0,3,40.0
62540.0,0,18.0
62545.0,4,21.0
62550.0,6,42.0
62555.0,3,38.0
62560.0,2,22.0
62565.0,3,28.0
62570.0,1,11.0
62575.0,9,33.0
62580.0,7,65.0
62585.0,6,73.0
62590.0,2,48.0
62595.0,2,35.0
62600.0,2,16.0
62605.0,7,35.0
62610.0,7,56.0
62615.0,0,39.0
62620.0,0,7.0
62625.0,2,10.0
62630.0,7,34.0
62635.0,7,51.0
62640.0,3,42.0
62645.0,1,22.0
62650.0,2,16.0
62655.0,2,7.0
62660.0,7,31.0
62665.0,6,52.0
62670.0,0,36.0
62675.0,0,8.0
62680.0,1,1.0
62685.0,0,0.0
62690.0,3,7.0
62695.0,7,33.0
62700.0,3,42.0
62705.0,2,24.0
62710.0,3,15.0
62715.0,7,42.0
62720.0,2,42.0
62725.0,2,19.0
62730.0,1,11.0
62735.0,6,34.0
62740.0,4,42.0
62745.0,2,19.0
62750.0,3,20.0
62755.0,1,13.0
62760.0,6,19.0
62765.0,3,32.0
62770.0,0,10.0
62775.0,0,2.0
62780.0,0,0.0
62785.0,0,0.0
62790.0,4,15.0
62795.0,1,20.0
62800.0,2,11.0
62805.0,4,27.0
62810.0,0,15.0
62815.0,2,2.0
62820.0,1,7.0
62825.0,2,14.0
62830.0,2,4.0
62835.0,7,28.0
62840.0,6,50.0
62845.0,0,23.0
62850.0,1,7.0
62855.0,2,11.0
62860.0,0,0.0
62865.0,4,14.0
62870.0,0,18.0
62875.0,1,5.0
62880.0,1,10.0
62885.0,2,19.0
62890.0,2,29.0
62895.0,0,3.0
62900.0,4,11.0
62905.0,0,14.0
62910.0,1,1.0
62915.0,4,10.0
62920.0,7,36.0
62925.0,4,47.0
62930.0,2,23.0
62935.0,3,18.0
62940.0,3,9.0
62945.0,6,29.0
62950.0,2,32.0
62955.0,2,9.0
62960.0,2,7.0
62965.0,7,32.0
62970.0,6,50.0
62975.0,2,40.0
62980.0,3,27.0
62985.0,3,20.0
62990.0,7,38.0
62995.0,8,61.0
63000.0,5,65.0
63005.0,3,53.0
63010.0,3,51.0
63015.0,1,22.0
63020.0,6,27.0
63025.0,5,42.0
63030.0,3,37.0
63035.0,1,32.0
63040.0,6,54.0
63045.0,13,110.0
63050.0,14,152.0
63055.0,8,145.0
63060.0,4,102.0
63065.0,3,71.0
63070.0,0,60.0
63075.0,6,72.0
63080.0,6,83.0
63085.0,2,61.0
63090.0,3,33.0
63095.0,5,42.0
63100.0,2,28.0
63105.0,6,25.0
63110.0,3,33.0
63115.0,1,13.0
63120.0,2,12.0
63125.0,9,40.0
63130.0,5,55.0
63135.0,1,29.0
63140.0,5,37.0
63145.0,10,75.0
63150.0,17,142.0
63155.0,21,236.0
63160.0,20,296.0
63165.0,15,294.0
63170.0,13,260.0
63175.0,6,209.0
63180.0,1,195.0
63185.0,7,207.0
63190.0,6,204.0
63195.0,4,152.0
63200.0,2,71.0
63205.0,5,45.0
63210.0,1,32.0
63215.0,7,28.0
63220.0,7,47.0
63225.0,4,49.0
63230.0,2,34.0
63235.0,5,36.0
63240.0,2,25.0
63245.0,6,28.0
63250.0,7,50.0
63255.0,4,44.0
63260.0,2,47.0
63265.0,9,60.0
63270.0,11,115.0
63275.0,9,128.0
63280.0,4,96.0
63285.0,4,50.0
63290.0,1,38.0
63295.0,5,38.0
63300.0,5,47.0
63305.0,1,27.0
63310.0,1,9.0
63315.0,3,6.0
63320.0,6,28.0
63325.0,4,38.0
63330.0,2,18.0
63335.0,6,28.0
63340.0,5,40.0
63345.0,5,32.0
63350.0,8,60.0
63355.0,5,67.0
63360.0,1,29.0
63365.0,2,14.0
63370.0,1,2.0
63375.0,6,21.0
63380.0,5,43.0
63385.0,0,27.0
63390.0,0,3.0
63395.0,2,7.0
63400.0,6,31.0
63405.0,5,46.0
63410.0,1,26.0
63415.0,1,9.0
63420.0,2,7.0
63425.0,7,34.0
63430.0,9,59.0
63435.0,5,62.0
63440.0,2,49.0
63445.0,8,70.0
63450.0,10,88.0
63455.0,6,76.0
63460.0,4,57.0
63465.0,4,60.0
63470.0,1,45.0
63475.0,6,39.0
63480.0,6,55.0
63485.0,2,40.0
63490.0,2,26.0
63495.0,3,24.0
63500.0,1,11.0
63505.0,6,20.0
63510.0,6,42.0
63515.0,2,40.0
63520.0,4,28.0
63525.0,4,32.0
63530.0,9,49.0
63535.0,10,79.0
63540.0,4,72.0
63545.0,3,51.0
63550.0,2,40.0
63555.0,7,65.0
63560.0,8,82.0
63565.0,5,72.0
63570.0,2,47.0
63575.0,2,34.0
63580.0,1,15.0
63585.0,6,33.0
63590.0,6,52.0
63595.0,5,46.0
63600.0,4,44.0
63605.0,2,40.0
63610.0,8,45.0
63615.0,9,70.0
63620.0,3,63.0
63625.0,1,36.0
63630.0,2,23.0
63635.0,4,36.0
63640.0,1,13.0
63645.0,6,22.0
63650.0,5,41.0
63655.0,0,21.0
63660.0,1,3.0
63665.0,1,8.0
63670.0,2,2.0
63675.0,4,18.0
63680.0,1,14.0
63685.0,1,6.0
63690.0,2,2.0
63695.0,6,23.0
63700.0,6,43.0
63705.0,3,37.0
63710.0,3,31.0
63715.0,5,52.0
63720.0,1,35.0
63725.0,4,15.0
63730.0,7,40.0
63735.0,4,44.0
63740.0,3,26.0
63745.0,5,35.0
63750.0,1,29.0
63755.0,6,24.0
63760.0,4,41.0
63765.0,2,26.0
63770.0,3,22.0
63775.0,3,11.0
63780.0,8,38.0
63785.0,7,64.0
63790.0,2,48.0
63795.0,2,25.0
63800.0,4,33.0
63805.0,2,17.0
63810.0,7,28.0
63815.0,7,53.0
63820.0,3,50.0
63825.0,3,33.0
63830.0,2,25.0
63835.0,8,47.0
63840.0,9,69.0
63845.0,2,51.0
63850.0,4,53.0
63855.0,8,82.0
63860.0,9,97.0
63865.0,6,79.0
63870.0,2,53.0
63875.0,3,45.0
63880.0,3,44.0
63885.0,3,59.0
63890.0,0,16.0
63895.0,1,1.0
63900.0,0,0.0
63905.0,0,0.0
63910.0,0,0.0
63915.0,0,0.0
63920.0,1,2.0
63925.0,1,2.0
63930.0,6,22.0
63935.0,3,31.0
63940.0,3,17.0
63945.0,3,17.0
63950.0,7,33.0
63955.0,10,78.0
63960.0,7,94.0
63965.0,1,61.0
63970.0,1,13.0
63975.0,2,18.0
63980.0,7,39.0
63985.0,5,50.0
63990.0,2,27.0
63995.0,3,17.0
64000.0,4,35.0
64005.0,2,25.0
64010.0,4,18.0
64015.0,0,14.0
64020.0,0,0.0
64025.0,1,1.0
64030.0,3,11.0
64035.0,2,16.0
64040.0,2,6.0
64045.0,2,7.0
64050.0,7,35.0
64055.0,5,51.0
64060.0,2,30.0
64065.0,4,22.0
64070.0,2,19.0
64075.0,7,33.0
64080.0,5,47.0
64085.0,1,32.0
64090.0,2,15.0
64095.0,1,4.0
64100.0,6,22.0
64105.0,8,46.0
64110.0,0,37.0
64115.0,2,19.0
64120.0,2,15.0
64125.0,9,42.0
64130.0,8,62.0
64135.0,5,57.0
64140.0,2,53.0
64145.0,8,78.0
64150.0,8,92.0
64155.0,5,71.0
64160.0,3,53.0
64165.0,2,41.0
64170.0,6,51.0
64175.0,6,63.0
64180.0,5,53.0
64185.0,3,43.0
64190.0,4,46.0
64195.0,0,29.0
64200.0,6,30.0
64205.0,8,52.0
64210.0,1,38.0
64215.0,1,21.0
64220.0,2,15.0
64225.0,1,8.0
64230.0,7,23.0
64235.0,5,40.0
64240.0,2,32.0
64245.0,2,26.0
64250.0,7,51.0
64255.0,8,73.0
64260.0,2,55.0
64265.0,2,30.0
64270.0,3,26.0
64275.0,1,7.0
64280.0,6,23.0
64285.0,4,41.0
64290.0,1,21.0
64295.0,3,11.0
64300.0,2,14.0
64305.0,6,25.0
64310.0,2,31.0
64315.0,2,16.0
64320.0,3,27.0
64325.0,2,11.0
64330.0,7,23.0
64335.0,4,36.0
64340.0,1,18.0
64345.0,2,17.0
64350.0,3,32.0
64355.0,2,10.0
64360.0,6,21.0
64365.0,3,29.0
64370.0,1,11.0
64375.0,2,9.0
64380.0,8,37.0
64385.0,9,63.0
64390.0,5,67.0
64395.0,3,61.0
64400.0,9,91.0
64405.0,9,108.0
64410.0,5,93.0
64415.0,1,52.0
64420.0,2,28.0
64425.0,3,26.0
64430.0,1,8.0
64435.0,6,19.0
64440.0,3,35.0
64445.0,0,16.0
64450.0,1,5.0
64455.0,2,12.0
64460.0,0,2.0
64465.0,1,5.0
64470.0,0,1.0
64475.0,3,11.0
64480.0,1,8.0
64485.0,5,24.0
64490.0,3,32.0
64495.0,4,23.0
64500.0,4,37.0
64505.0,1,24.0
64510.0,3,11.0
64515.0,6,37.0
64520.0,11,83.0
64525.0,10,106.0
64530.0,4,84.0
64535.0,1,76.0
64540.0,7,92.0
64545.0,9,100.0
64550.0,6,78.0
64555.0,5,54.0
64560.0,3,52.0
64565.0,7,61.0
64570.0,12,86.0
64575.0,11,101.0
64580.0,7,98.0
64585.0,7,119.0
64590.0,2,102.0
64595.0,7,60.0
64600.0,13,100.0
64605.0,13,144.0
64610.0,9,143.0
64615.0,5,107.0
64620.0,2,97.0
64625.0,9,116.0
64630.0,9,128.0
64635.0,7,108.0
64640.0,3,71.0
64645.0,2,59.0
64650.0,1,29.0
64655.0,5,40.0
64660.0,6,51.0
64665.0,1,32.0
64670.0,0,10.0
64675.0,0,3.0
64680.0,2,3.0
64685.0,6,22.0
64690.0,5,37.0
64695.0,1,25.0
64700.0,2,17.0
64705.0,1,4.0
64710.0,7,25.0
64715.0,5,43.0
64720.0,5,37.0
64725.0,3,46.0
64730.0,8,62.0
64735.0,9,82.0
64740.0,4,71.0
64745.0,1,59.0
64750.0,7,77.0
64755.0,8,92.0
64760.0,6,74.0
64765.0,5,92.0
64770.0,8,124.0
64775.0,10,136.0
64780.0,9,122.0
64785.0,8,100.0
64790.0,4,93.0
64795.0,1,67.0
64800.0,6,72.0
64805.0,7,85.0
64810.0,5,77.0
64815.0,3,45.0
64820.0,4,47.0
64825.0,1,30.0
64830.0,6,31.0
64835.0,6,48.0
64840.0,2,37.0
64845.0,1,21.0
64850.0,3,20.0
64855.0,1,8.0
64860.0,5,20.0
64865.0,5,40.0
64870.0,0,21.0
64875.0,0,0.0
64880.0,1,1.0
64885.0,8,25.0
64890.0,6,49.0
64895.0,0,23.0
64900.0,1,3.0
64905.0,2,5.0
64910.0,5,27.0
64915.0,3,35.0
64920.0,1,14.0
64925.0,3,14.0
64930.0,1,7.0
64935.0,7,26.0
64940.0,4,41.0
64945.0,0,16.0
64950.0,1,5.0
64955.0,1,2.0
64960.0,6,26.0
64965.0,3,37.0
64970.0,2,14.0
64975.0,4,23.0
64980.0,2,13.0
64985.0,7,29.0
64990.0,3,41.0
64995.0,1,17.0
65000.0,2,8.0
65005.0,2,18.0
65010.0,2,28.0
65015.0,1,1.0
65020.0,5,18.0
65025.0,5,37.0
65030.0,2,27.0
65035.0,1,12.0
65040.0,1,14.0
65045.0,1,2.0
65050.0,4,18.0
65055.0,1,15.0
65060.0,0,2.0
65065.0,1,3.0
65070.0,2,3.0
65075.0,4,19.0
65080.0,1,22.0
65085.0,2,8.0
65090.0,4,15.0
65095.0,10,45.0
65100.0,6,66.0
65105.0,0,39.0
65110.0,1,4.0
65115.0,1,7.0
65120.0,1,2.0
65125.0,7,24.0
65130.0,5,42.0
65135.0,1,29.0
65140.0,2,16.0
65145.0,2,23.0
65150.0,2,3.0
65155.0,6,24.0
65160.0,4,37.0
65165.0,1,18.0
65170.0,2,11.0
65175.0,7,37.0
65180.0,6,52.0
65185.0,2,40.0
65190.0,3,26.0
65195.0,1,12.0
65200.0,7,27.0
65205.0,7,50.0
65210.0,0,34.0
65215.0,1,10.0
65220.0,2,11.0
65225.0,0,1.0
65230.0,2,6.0
65235.0,0,3.0
65240.0,1,2.0
65245.0,0,0.0
65250.0,2,7.0
65255.0,0,2.0
65260.0,1,4.0
65265.0,2,4.0
65270.0,7,30.0
65275.0,2,40.0
65280.0,0,11.0
65285.0,1,3.0
65290.0,3,11.0
65295.0,1,6.0
65300.0,3,13.0
65305.0,1,15.0
65310.0,1,7.0
65315.0,3,11.0
65320.0,3,11.0
65325.0,6,31.0
65330.0,4,43.0
65335.0,3,20.0
65340.0,3,17.0
65345.0,7,43.0
65350.0,5,51.0
65355.0,0,11.0
65360.0,1,4.0
65365.0,1,1.0
65370.0,6,19.0
65375.0,1,28.0
65380.0,0,5.0
65385.0,1,5.0
65390.0,1,10.0
65395.0,0,0.0
65400.0,5,13.0
65405.0,2,22.0
65410.0,3,18.0
65415.0,0,9.0
65420.0,1,3.0
65425.0,0,2.0
65430.0,1,4.0
65435.0,1,2.0
65440.0,7,23.0
65445.0,6,49.0
65450.0,1,31.0
65455.0,2,12.0
65460.0,2,22.0
65465.0,0,1.0
65470.0,4,14.0
65475.0,2,17.0
65480.0,2,7.0
65485.0,2,6.0
65490.0,5,21.0
65495.0,4,33.0
65500.0,3,30.0
65505.0,3,28.0
65510.0,2,22.0
65515.0,8,33.0
65520.0,7,53.0
65525.0,2,45.0
65530.0,1,19.0
65535.0,2,11.0
65540.0,2,4.0
65545.0,6,26.0
65550.0,6,47.0
65555.0,1,27.0
65560.0,2,12.0
65565.0,2,12.0
65570.0,8,33.0
65575.0,6,53.0
65580.0,0,29.0
65585.0,3,13.0
65590.0,2,13.0
65595.0,6,32.0
65600.0,2,36.0
65605.0,4,18.0
65610.0,5,34.0
65615.0,6,61.0
65620.0,1,48.0
65625.0,3,14.0
65630.0,0,11.0
65635.0,1,1.0
65640.0,2,7.0
65645.0,2,17.0
65650.0,0,0.0
65655.0,1,3.0
65660.0,0,2.0
65665.0,1,1.0
65670.0,2,8.0
65675.0,2,18.0
65680.0,0,0.0
65685.0,4,8.0
65690.0,0,12.0
65695.0,1,4.0
65700.0,4,15.0
65705.0,1,10.0
65710.0,5,21.0
65715.0,2,25.0
65720.0,2,10.0
65725.0,0,4.0
65730.0,5,13.0
65735.0,6,33.0
65740.0,2,28.0
65745.0,3,34.0
65750.0,9,60.0
65755.0,9,83.0
65760.0,5,68.0
65765.0,3,84.0
65770.0,8,111.0
65775.0,10,130.0
65780.0,7,116.0
65785.0,7,102.0
65790.0,4,73.0
65795.0,1,57.0
65800.0,7,67.0
65805.0,7,79.0
65810.0,9,73.0
65815.0,5,87.0
65820.0,9,116.0
65825.0,11,133.0
65830.0,6,113.0
65835.0,3,90.0
65840.0,1,65.0
65845.0,2,42.0
65850.0,7,62.0
65855.0,7,75.0
65860.0,5,63.0
65865.0,2,47.0
65870.0,4,42.0
65875.0,2,32.0
65880.0,7,41.0
65885.0,7,59.0
65890.0,3,39.0
65895.0,3,33.0
65900.0,7,52.0
65905.0,7,66.0
65910.0,2,45.0
65915.0,3,24.0
65920.0,3,30.0
65925.0,2,12.0
65930.0,8,30.0
65935.0,8,58.0
65940.0,2,44.0
65945.0,3,28.0
65950.0,1,13.0
65955.0,7,30.0
65960.0,6,49.0
65965.0,1,34.0
65970.0,1,14.0
65975.0,2,17.0
65980.0,9,46.0
65985.0,6,63.0
65990.0,1,39.0
65995.0,2,34.0
66000.0,7,61.0
66005.0,8,77.0
66010.0,8,67.0
66015.0,3,73.0
66020.0,9,100.0
66025.0,16,163.0
66030.0,22,260.0
66035.0,30,391.0
66040.0,26,477.0
66045.0,26,503.0
66050.0,15,542.0
66055.0,12,601.0
66060.0,7,579.0
66065.0,5,481.0
66070.0,4,343.0
66075.0,3,350.0
66080.0,8,370.0
66085.0,8,355.0
66090.0,5,271.0
66095.0,3,138.0
66100.0,3,54.0
66105.0,2,30.0
66110.0,8,50.0
66115.0,6,65.0
66120.0,4,54.0
66125.0,3,35.0
66130.0,3,39.0
66135.0,1,17.0
66140.0,7,30.0
66145.0,8,51.0
66150.0,5,46.0
66155.0,5,41.0
66160.0,2,36.0
66165.0,7,44.0
66170.0,9,68.0
66175.0,4,61.0
66180.0,4,52.0
66185.0,5,69.0
66190.0,1,43.0
66195.0,5,20.0
66200.0,5,33.0
66205.0,2,25.0
66210.0,2,18.0
66215.0,3,28.0
66220.0,2,9.0
66225.0,6,25.0
66230.0,6,48.0
66235.0,0,27.0
66240.0,1,6.0
66245.0,1,5.0
66250.0,6,21.0
66255.0,5,38.0
66260.0,1,26.0
66265.0,2,11.0
66270.0,1,5.0
66275.0,8,24.0
66280.0,4,43.0
66285.0,0,23.0
66290.0,2,8.0
66295.0,1,2.0
66300.0,3,15.0
66305.0,1,15.0
66310.0,1,3.0
66315.0,2,8.0
66320.0,2,18.0
66325.0,0,0.0
66330.0,4,12.0
66335.0,7,46.0
66340.0,9,89.0
66345.0,11,138.0
66350.0,14,200.0
66355.0,18,283.0
66360.0,21,383.0
66365.0,24,499.0
66370.0,23,542.0
66375.0,16,479.0
66380.0,12,383.0
66385.0,8,284.0
66390.0,1,255.0
66395.0,6,264.0
66400.0,7,251.0
66405.0,2,157.0
66410.0,3,80.0
66415.0,2,40.0
66420.0,2,20.0
66425.0,7,43.0
66430.0,8,56.0
66435.0,4,51.0
66440.0,0,28.0
66445.0,2,19.0
66450.0,2,12.0
66455.0,6,33.0
66460.0,6,49.0
66465.0,3,37.0
66470.0,2,38.0
66475.0,10,72.0
66480.0,9,99.0
66485.0,6,77.0
66490.0,3,58.0
66495.0,3,43.0
66500.0,1,23.0
66505.0,4,30.0
66510.0,5,38.0
66515.0,2,25.0
66520.0,0,10.0
66525.0,2,8.0
66530.0,2,7.0
66535.0,8,35.0
66540.0,9,59.0
66545.0,6,57.0
66550.0,1,51.0
66555.0,7,62.0
66560.0,7,80.0
66565.0,7,75.0
66570.0,2,64.0
66575.0,6,82.0
66580.0,7,91.0
66585.0,5,70.0
66590.0,4,80.0
66595.0,10,109.0
66600.0,9,130.0
66605.0,7,114.0
66610.0,6,81.0
66615.0,3,65.0
66620.0,1,59.0
66625.0,7,77.0
66630.0,7,92.0
66635.0,5,79.0
66640.0,1,46.0
66645.0,2,33.0
66650.0,1,13.0
66655.0,6,33.0
66660.0,8,51.0
66665.0,6,44.0
66670.0,1,43.0
66675.0,6,55.0
66680.0,7,74.0
66685.0,6,68.0
66690.0,1,43.0
66695.0,3,31.0
66700.0,1,19.0
66705.0,7,36.0
66710.0,6,53.0
66715.0,1,40.0
66720.0,2,25.0
66725.0,4,33.0
66730.0,1,20.0
66735.0,7,27.0
66740.0,7,47.0
66745.0,6,49.0
66750.0,4,62.0
66755.0,9,82.0
66760.0,9,99.0
66765.0,11,97.0
66770.0,3,123.0
66775.0,8,142.0
66780.0,10,156.0
66785.0,7,136.0
66790.0,4,93.0
66795.0,2,60.0
66800.0,2,44.0
66805.0,6,63.0
66810.0,6,75.0
66815.0,7,69.0
66820.0,2,45.0
66825.0,3,47.0
66830.0,6,59.0
66835.0,2,41.0
66840.0,6,23.0
66845.0,6,45.0
66850.0,2,36.0
66855.0,2,27.0
66860.0,1,4.0
66865.0,7,29.0
66870.0,5,51.0
66875.0,0,32.0
66880.0,1,9.0
66885.0,4,18.0
66890.0,2,16.0
66895.0,6,23.0
66900.0,1,28.0
66905.0,1,4.0
66910.0,1,6.0
66915.0,2,15.0
66920.0,1,2.0
66925.0,5,20.0
66930.0,1,22.0
66935.0,0,4.0
66940.0,2,6.0
66945.0,2,9.0
66950.0,6,29.0
66955.0,4,36.0
66960.0,2,15.0
66965.0,3,21.0
66970.0,1,10.0
66975.0,3,11.0
66980.0,0,6.0
66985.0,0,0.0
66990.0,0,0.0
66995.0,2,6.0
67000.0,1,2.0
67005.0,2,9.0
67010.0,0,0.0
67015.0,0,0.0
67020.0,0,0.0
67025.0,2,8.0
67030.0,0,5.0
67035.0,2,8.0
67040.0,2,18.0
67045.0,2,28.0
67050.0,0,3.0
67055.0,3,8.0
67060.0,0,9.0
67065.0,0,1.0
67070.0,1,2.0
67075.0,1,1.0
67080.0,2,10.0
67085.0,0,2.0
67090.0,1,1.0
67095.0,1,6.0
67100.0,1,2.0
67105.0,4,15.0
67110.0,0,10.0
67115.0,1,3.0
67120.0,1,4.0
67125.0,3,11.0
67130.0,2,16.0
67135.0,1,7.0
67140.0,3,13.0
67145.0,3,28.0
67150.0,4,47.0
67155.0,2,29.0
67160.0,5,25.0
67165.0,2,29.0
67170.0,0,6.0
67175.0,2,5.0
67180.0,2,3.0
67185.0,7,26.0
67190.0,4,43.0
67195.0,3,23.0
67200.0,2,23.0
67205.0,7,41.0
67210.0,8,60.0
67215.0,1,43.0
67220.0,2,26.0
67225.0,3,29.0
67230.0,2,13.0
67235.0,5,22.0
67240.0,3,29.0
67245.0,3,24.0
67250.0,1,12.0
67255.0,5,18.0
67260.0,2,25.0
67265.0,0,5.0
67270.0,2,6.0
67275.0,2,3.0
67280.0,6,24.0
67285.0,0,25.0
67290.0,1,3.0
67295.0,2,10.0
67300.0,2,20.0
67305.0,1,1.0
67310.0,4,14.0
67315.0,3,23.0
67320.0,2,12.0
67325.0,2,14.0
67330.0,1,3.0
67335.0,5,19.0
67340.0,2,24.0
67345.0,0,4.0
67350.0,3,6.0
67355.0,4,25.0
67360.0,0,16.0
67365.0,3,9.0
67370.0,0,7.0
67375.0,1,5.0
67380.0,3,14.0
67385.0,5,35.0
67390.0,3,34.0
67395.0,4,22.0
67400.0,1,17.0
67405.0,4,19.0
67410.0,5,43.0
67415.0,1,31.0
67420.0,4,17.0
67425.0,3,27.0
67430.0,3,21.0
67435.0,4,36.0
67440.0,1,21.0
67445.0,6,21.0
67450.0,6,44.0
67455.0,1,33.0
67460.0,4,24.0
67465.0,2,21.0
67470.0,6,30.0
67475.0,1,30.0
67480.0,1,8.0
67485.0,2,6.0
67490.0,5,27.0
67495.0,1,32.0
67500.0,0,5.0
67505.0,2,8.0
67510.0,2,6.0
67515.0,7,30.0
67520.0,8,67.0
67525.0,5,73.0
67530.0,1,34.0
67535.0,2,18.0
67540.0,2,28.0
67545.0,1,4.0
67550.0,4,14.0
67555.0,0,9.0
67560.0,2,10.0
67565.0,2,20.0
67570.0,4,34.0
67575.0,0,14.0
67580.0,3,5.0
67585.0,0,7.0
67590.0,1,2.0
67595.0,4,8.0
67600.0,6,36.0
67605.0,2,40.0
67610.0,0,7.0
67615.0,2,6.0
67620.0,2,16.0
67625.0,1,5.0
67630.0,5,21.0
67635.0,5,36.0
67640.0,1,25.0
67645.0,1,15.0
67650.0,1,18.0
67655.0,1,1.0
67660.0,4,16.0
67665.0,0,16.0
67670.0,2,7.0
67675.0,3,20.0
67680.0,1,7.0
67685.0,5,19.0
67690.0,1,23.0
67695.0,1,3.0
67700.0,2,13.0
67705.0,2,3.0
67710.0,4,20.0
67715.0,0,14.0
67720.0,3,13.0
67725.0,2,10.0
67730.0,5,21.0
67735.0,1,23.0
67740.0,0,0.0
67745.0,0,0.0
67750.0,0,0.0
67755.0,1,5.0
67760.0,0,0.0
67765.0,1,5.0
67770.0,2,11.0
67775.0,0,0.0
67780.0,1,1.0
67785.0,0,0.0
67790.0,0,0.0
67795.0,1,4.0
67800.0,0,0.0
67805.0,2,7.0
67810.0,0,2.0
67815.0,1,4.0
67820.0,1,9.0
67825.0,1,14.0
67830.0,0,2.0
67835.0,2,8.0
67840.0,0,4.0
67845.0,0,0.0
67850.0,1,3.0
67855.0,0,0.0
67860.0,2,3.0
67865.0,0,6.0
67870.0,0,0.0
67875.0,1,1.0
67880.0,2,2.0
67885.0,4,18.0
67890.0,2,23.0
67895.0,2,7.0
67900.0,4,17.0
67905.0,5,38.0
67910.0,6,68.0
67915.0,2,55.0
67920.0,2,13.0
67925.0,1,13.0
67930.0,2,13.0
67935.0,3,6.0
67940.0,5,29.0
67945.0,1,28.0
67950.0,2,11.0
67955.0,3,23.0
67960.0,1,11.0
67965.0,3,13.0
67970.0,0,9.0
67975.0,1,1.0
67980.0,2,10.0
67985.0,3,25.0
67990.0,0,8.0
67995.0,1,1.0
68000.0,0,3.0
68005.0,1,3.0
68010.0,1,8.0
68015.0,1,1.0
68020.0,4,12.0
68025.0,1,20.0
68030.0,2,7.0
68035.0,0,0.0
68040.0,1,5.0
68045.0,4,16.0
68050.0,0,12.0
68055.0,0,0.0
68060.0,0,0.0
68065.0,0,0.0
68070.0,5,16.0
68075.0,3,26.0
68080.0,1,11.0
68085.0,4,14.0
68090.0,0,11.0
68095.0,6,19.0
68100.0,4,32.0
68105.0,1,15.0
68110.0,2,4.0
68115.0,5,25.0
68120.0,1,24.0
68125.0,1,5.0
68130.0,3,13.0
68135.0,2,7.0
68140.0,5,21.0
68145.0,2,29.0
68150.0,0,6.0
68155.0,3,9.0
68160.0,1,13.0
68165.0,3,13.0
68170.0,8,42.0
68175.0,6,58.0
68180.0,2,26.0
68185.0,1,9.0
68190.0,2,8.0
68195.0,1,6.0
68200.0,8,25.0
68205.0,6,48.0
68210.0,1,27.0
68215.0,2,11.0
68220.0,3,9.0
68225.0,7,37.0
68230.0,9,77.0
68235.0,11,130.0
68240.0,14,191.0
68245.0,11,205.0
68250.0,8,162.0
68255.0,2,84.0
68260.0,3,54.0
68265.0,2,35.0
68270.0,5,46.0
68275.0,7,53.0
68280.0,4,43.0
68285.0,4,38.0
68290.0,2,35.0
68295.0,7,45.0
68300.0,5,63.0
68305.0,3,39.0
68310.0,1,36.0
68315.0,7,53.0
68320.0,6,64.0
68325.0,1,39.0
68330.0,1,15.0
68335.0,1,3.0
68340.0,6,22.0
68345.0,6,42.0
68350.0,2,34.0
68355.0,2,19.0
68360.0,2,8.0
68365.0,7,31.0
68370.0,3,43.0
68375.0,1,21.0
68380.0,3,15.0
68385.0,2,8.0
68390.0,6,25.0
68395.0,9,66.0
68400.0,9,92.0
68405.0,3,76.0
68410.0,0,29.0
68415.0,1,10.0
68420.0,0,2.0
68425.0,7,25.0
68430.0,6,50.0
68435.0,0,34.0
68440.0,1,7.0
68445.0,3,15.0
68450.0,0,5.0
68455.0,7,19.0
68460.0,5,39.0
68465.0,3,22.0
68470.0,4,30.0
68475.0,6,51.0
68480.0,3,42.0
68485.0,6,27.0
68490.0,5,40.0
68495.0,4,27.0
68500.0,2,24.0
68505.0,10,48.0
68510.0,9,75.0
68515.0,4,62.0
68520.0,2,37.0
68525.0,2,23.0
68530.0,2,8.0
68535.0,7,30.0
68540.0,5,49.0
68545.0,1,33.0
68550.0,2,13.0
68555.0,2,6.0
68560.0,8,33.0
68565.0,11,84.0
68570.0,10,117.0
68575.0,5,107.0
68580.0,4,66.0
68585.0,3,58.0
68590.0,8,73.0
68595.0,7,87.0
68600.0,6,68.0
68605.0,3,48.0
68610.0,2,42.0
68615.0,8,64.0
68620.0,8,85.0
68625.0,3,68.0
68630.0,0,27.0
68635.0,0,8.0
68640.0,2,6.0
68645.0,6,26.0
68650.0,7,45.0
68655.0,2,43.0
68660.0,0,20.0
68665.0,3,10.0
68670.0,1,14.0
68675.0,7,27.0
68680.0,9,52.0
68685.0,7,64.0
68690.0,2,64.0
68695.0,7,75.0
68700.0,13,132.0
68705.0,13,172.0
68710.0,12,156.0
68715.0,11,151.0
68720.0,8,151.0
68725.0,1,134.0
68730.0,6,114.0
68735.0,7,125.0
68740.0,6,100.0
68745.0,1,95.0
68750.0,8,117.0
68755.0,8,126.0
68760.0,5,91.0
68765.0,2,51.0
68770.0,3,43.0
68775.0,0,23.0
68780.0,6,32.0
68785.0,7,54.0
68790.0,4,46.0
68795.0,3,35.0
68800.0,1,23.0
68805.0,8,40.0
68810.0,7,59.0
68815.0,3,41.0
68820.0,2,28.0
68825.0,3,31.0
68830.0,1,8.0
68835.0,5,18.0
68840.0,5,35.0
68845.0,1,25.0
68850.0,3,28.0
68855.0,8,58.0
68860.0,9,79.0
68865.0,5,62.0
68870.0,3,41.0
68875.0,4,41.0
68880.0,2,25.0
68885.0,7,33.0
68890.0,7,52.0
68895.0,2,42.0
68900.0,2,24.0
68905.0,2,24.0
68910.0,2,4.0
68915.0,7,27.0
68920.0,6,47.0
68925.0,0,31.0
68930.0,1,9.0
68935.0,1,9.0
68940.0,1,1.0
68945.0,6,21.0
68950.0,2,28.0
68955.0,0,5.0
68960.0,0,0.0
68965.0,0,0.0
68970.0,0,0.0
68975.0,3,10.0
68980.0,1,12.0
68985.0,1,6.0
68990.0,3,18.0
68995.0,0,6.0
69000.0,3,11.0
69005.0,0,10.0
69010.0,0,0.0
69015.0,1,4.0
69020.0,1,2.0
69025.0,3,13.0
69030.0,1,10.0
69035.0,3,9.0
69040.0,3,10.0
69045.0,6,26.0
69050.0,1,32.0
69055.0,2,10.0
69060.0,2,15.0
69065.0,2,3.0
69070.0,6,24.0
69075.0,4,37.0
69080.0,0,14.0
69085.0,0,0.0
69090.0,1,4.0
69095.0,2,2.0
69100.0,8,26.0
69105.0,4,45.0
69110.0,0,25.0
69115.0,2,4.0
69120.0,1,4.0
69125.0,6,23.0
69130.0,5,40.0
69135.0,3,29.0
69140.0,3,29.0
69145.0,1,16.0
69150.0,5,21.0
69155.0,2,26.0
69160.0,0,4.0
69165.0,1,1.0
69170.0,2,10.0
69175.0,0,3.0
69180.0,1,5.0
69185.0,0,3.0
69190.0,0,0.0
69195.0,0,0.0
69200.0,0,0.0
69205.0,1,5.0
69210.0,1,1.0
69215.0,2,8.0
69220.0,1,5.0
69225.0,4,16.0
69230.0,2,21.0
69235.0,0,2.0
69240.0,1,4.0
69245.0,5,21.0
69250.0,2,23.0
69255.0,3,15.0
69260.0,2,8.0
69265.0,5,21.0
69270.0,5,37.0
69275.0,0,18.0
69280.0,0,0.0
69285.0,3,9.0
69290.0,2,9.0
69295.0,7,26.0
69300.0,5,44.0
69305.0,1,25.0
69310.0,1,9.0
69315.0,2,4.0
69320.0,6,27.0
69325.0,5,48.0
69330.0,2,32.0
69335.0,5,26.0
69340.0,0,19.0
69345.0,4,13.0
69350.0,5,32.0
69355.0,2,29.0
69360.0,3,26.0
69365.0,2,13.0
69370.0,8,33.0
69375.0,7,59.0
69380.0,3,53.0
69385.0,2,57.0
69390.0,8,86.0
69395.0,8,101.0
69400.0,5,86.0
69405.0,3,61.0
69410.0,1,41.0
69415.0,0,28.0
69420.0,7,47.0
69425.0,6,59.0
69430.0,2,41.0
69435.0,0,18.0
69440.0,2,11.0
69445.0,2,6.0
69450.0,6,30.0
69455.0,6,51.0
69460.0,2,31.0
69465.0,3,24.0
69470.0,2,15.0
69475.0,8,31.0
69480.0,7,60.0
69485.0,3,52.0
69490.0,4,38.0
69495.0,1,31.0
69500.0,7,37.0
69505.0,6,54.0
69510.0,3,40.0
69515.0,2,31.0
69520.0,4,36.0
69525.0,2,21.0
69530.0,6,32.0
69535.0,6,50.0
69540.0,1,35.0
69545.0,1,19.0
69550.0,1,19.0
69555.0,1,24.0
69560.0,2,33.0
69565.0,1,1.0
69570.0,4,17.0
69575.0,0,12.0
69580.0,0,0.0
69585.0,1,3.0
69590.0,1,1.0
69595.0,2,10.0
69600.0,0,3.0
69605.0,0,0.0
69610.0,0,0.0
69615.0,1,3.0
69620.0,0,0.0
69625.0,5,18.0
69630.0,3,32.0
69635.0,1,14.0
69640.0,1,9.0
69645.0,3,4.0
69650.0,7,29.0
69655.0,3,37.0
69660.0,2,16.0
69665.0,3,24.0
69670.0,3,39.0
69675.0,0,13.0
69680.0,1,5.0
69685.0,3,17.0
69690.0,6,37.0
69695.0,8,72.0
69700.0,5,69.0
69705.0,1,31.0
69710.0,1,7.0
69715.0,2,6.0
69720.0,5,22.0
69725.0,3,27.0
69730.0,2,13.0
69735.0,3,19.0
69740.0,2,18.0
69745.0,5,22.0
69750.0,2,27.0
69755.0,1,10.0
69760.0,1,10.0
69765.0,2,3.0
69770.0,7,30.0
69775.0,10,72.0
69780.0,10,102.0
69785.0,6,87.0
69790.0,3,64.0
69795.0,4,49.0
69800.0,2,35.0
69805.0,6,31.0
69810.0,7,50.0
69815.0,6,44.0
69820.0,2,40.0
69825.0,3,37.0
69830.0,2,19.0
69835.0,7,35.0
69840.0,5,51.0
69845.0,0,23.0
69850.0,0,4.0
69855.0,0,0.0
69860.0,0,0.0
69865.0,1,1.0
69870.0,5,18.0
69875.0,3,30.0
69880.0,2,17.0
69885.0,1,10.0
69890.0,6,31.0
69895.0,2,35.0
69900.0,2,8.0
69905.0,2,18.0
69910.0,2,5.0
69915.0,6,30.0
69920.0,4,39.0
69925.0,3,20.0
69930.0,1,17.0
69935.0,8,37.0
69940.0,6,56.0
69945.0,0,37.0
69950.0,1,11.0
69955.0,3,13.0
69960.0,5,30.0
69965.0,3,24.0
69970.0,4,24.0
69975.0,2,21.0
69980.0,3,17.0
69985.0,1,5.0
69990.0,6,21.0
69995.0,2,28.0
70000.0,0,4.0
70005.0,4,15.0
70010.0,6,43.0
70015.0,2,45.0
70020.0,1,13.0
70025.0,1,9.0
70030.0,1,1.0
70035.0,5,24.0
70040.0,2,31.0
70045.0,1,10.0
70050.0,2,11.0
70055.0,6,34.0
70060.0,4,42.0
70065.0,4,28.0
70070.0,2,29.0
70075.0,8,43.0
70080.0,6,59.0
70085.0,1,41.0
70090.0,2,17.0
70095.0,2,8.0
70100.0,5,25.0
70105.0,2,27.0
70110.0,1,5.0
70115.0,4,17.0
70120.0,0,16.0
70125.0,4,13.0
70130.0,2,18.0
70135.0,1,6.0
70140.0,1,11.0
70145.0,3,23.0
70150.0,0,8.0
70155.0,1,2.0
70160.0,0,0.0
70165.0,2,4.0
70170.0,4,20.0
70175.0,0,15.0
70180.0,4,16.0
70185.0,2,20.0
70190.0,1,8.0
70195.0,1,11.0
70200.0,0,0.0
70205.0,4,9.0
70210.0,4,24.0
70215.0,0,9.0
70220.0,1,1.0
70225.0,1,2.0
70230.0,7,28.0
70235.0,3,41.0
70240.0,0,13.0
70245.0,0,0.0
70250.0,1,5.0
70255.0,1,10.0
70260.0,0,0.0
70265.0,1,5.0
70270.0,0,4.0
70275.0,0,0.0
70280.0,2,2.0
70285.0,6,24.0
70290.0,4,38.0
70295.0,1,11.0
70300.0,2,11.0
70305.0,1,1.0
70310.0,7,20.0
70315.0,3,36.0
70320.0,0,16.0
70325.0,0,0.0
70330.0,1,5.0
70335.0,1,10.0
70340.0,2,2.0
70345.0,3,16.0
70350.0,2,14.0
70355.0,0,2.0
70360.0,1,4.0
70365.0,1,1.0
70370.0,3,12.0
70375.0,0,5.0
70380.0,0,0.0
70385.0,1,5.0
70390.0,1,1.0
70395.0,3,8.0
70400.0,0,6.0
70405.0,1,4.0
70410.0,1,9.0
70415.0,0,1.0
70420.0,3,9.0
70425.0,2,15.0
70430.0,2,12.0
70435.0,2,22.0
70440.0,2,2.0
70445.0,6,23.0
70450.0,5,44.0
70455.0,0,18.0
70460.0,0,0.0
70465.0,2,2.0
70470.0,6,22.0
70475.0,1,28.0
70480.0,1,6.0
70485.0,1,6.0
70490.0,2,6.0
70495.0,7,28.0
70500.0,5,42.0
70505.0,1,18.0
70510.0,2,20.0
70515.0,7,43.0
70520.0,9,62.0
70525.0,4,60.0
70530.0,3,44.0
70535.0,3,42.0
70540.0,4,53.0
70545.0,0,22.0
70550.0,4,14.0
70555.0,0,19.0
70560.0,0,0.0
70565.0,0,0.0
70570.0,0,0.0
70575.0,0,0.0
70580.0,5,17.0
70585.0,8,52.0
70590.0,4,63.0
70595.0,1,30.0
70600.0,3,10.0
70605.0,5,30.0
70610.0,1,23.0
70615.0,5,23.0
70620.0,2,28.0
70625.0,2,15.0
70630.0,3,26.0
70635.0,1,5.0
70640.0,2,9.0
70645.0,3,16.0
70650.0,1,9.0
70655.0,2,14.0
70660.0,0,2.0
70665.0,5,16.0
70670.0,0,18.0
70675.0,1,5.0
70680.0,3,19.0
70685.0,3,18.0
70690.0,6,27.0
70695.0,2,32.0
70700.0,0,6.0
70705.0,0,0.0
70710.0,1,1.0
70715.0,0,0.0
70720.0,5,13.0
70725.0,2,26.0
70730.0,3,16.0
70735.0,2,10.0
70740.0,7,30.0
70745.0,6,49.0
70750.0,2,40.0
70755.0,2,21.0
70760.0,3,14.0
70765.0,8,41.0
70770.0,7,64.0
70775.0,3,47.0
70780.0,1,25.0
70785.0,2,25.0
70790.0,0,0.0
70795.0,6,17.0
70800.0,4,36.0
70805.0,0,17.0
70810.0,3,10.0
70815.0,3,13.0
70820.0,5,26.0
70825.0,2,30.0
70830.0,2,15.0
70835.0,5,33.0
70840.0,4,30.0
70845.0,6,35.0
70850.0,7,54.0
70855.0,4,49.0
70860.0,2,41.0
70865.0,8,52.0
70870.0,7,66.0
70875.0,4,48.0
70880.0,3,29.0
70885.0,4,34.0
70890.0,0,16.0
70895.0,5,17.0
70900.0,4,33.0
70905.0,0,17.0
70910.0,3,8.0
70915.0,1,7.0
70920.0,7,25.0
70925.0,7,48.0
70930.0,6,50.0
70935.0,3,56.0
70940.0,9,87.0
70945.0,9,107.0
70950.0,6,97.0
70955.0,3,60.0
70960.0,3,53.0
70965.0,2,25.0
70970.0,7,37.0
70975.0,6,50.0
70980.0,1,40.0
70985.0,0,15.0
70990.0,1,4.0
70995.0,1,2.0
71000.0,7,25.0
71005.0,5,45.0
71010.0,1,24.0
71015.0,2,10.0
71020.0,3,24.0
71025.0,1,8.0
71030.0,3,11.0
71035.0,0,8.0
71040.0,2,4.0
71045.0,5,23.0
71050.0,1,24.0
71055.0,1,6.0
71060.0,3,17.0
71065.0,0,9.0
71070.0,0,0.0
71075.0,0,0.0
71080.0,1,2.0
71085.0,5,19.0
71090.0,1,21.0
71095.0,1,6.0
71100.0,1,10.0
71105.0,1,15.0
71110.0,0,0.0
71115.0,6,18.0
71120.0,2,25.0
71125.0,0,3.0
71130.0,0,0.0
71135.0,3,5.0
71140.0,7,32.0
71145.0,5,48.0
71150.0,1,20.0
71155.0,2,16.0
71160.0,3,24.0
71165.0,5,46.0
71170.0,2,29.0
71175.0,6,22.0
71180.0,3,32.0
71185.0,3,20.0
71190.0,3,28.0
71195.0,1,15.0
71200.0,5,19.0
71205.0,3,26.0
71210.0,2,16.0
71215.0,3,23.0
71220.0,2,13.0
71225.0,3,15.0
71230.0,0,12.0
71235.0,0,0.0
71240.0,2,5.0
71245.0,0,3.0
71250.0,4,14.0
71255.0,1,17.0
71260.0,0,2.0
71265.0,1,1.0
71270.0,2,3.0
71275.0,4,22.0
71280.0,0,16.0
71285.0,0,0.0
71290.0,1,3.0
71295.0,2,9.0
71300.0,1,1.0
71305.0,5,17.0
71310.0,0,17.0
71315.0,1,3.0
71320.0,1,1.0
71325.0,3,10.0
71330.0,1,14.0
71335.0,1,6.0
71340.0,2,14.0
71345.0,1,7.0
71350.0,5,19.0
71355.0,2,27.0
71360.0,0,6.0
71365.0,0,0.0
71370.0,2,8.0
71375.0,1,1.0
71380.0,5,18.0
71385.0,3,29.0
71390.0,1,10.0
71395.0,2,10.0
71400.0,2,11.0
71405.0,4,25.0
71410.0,0,21.0
71415.0,1,1.0
71420.0,3,14.0
71425.0,1,8.0
71430.0,3,13.0
71435.0,0,11.0
71440.0,2,8.0
71445.0,3,19.0
71450.0,1,7.0
71455.0,3,13.0
71460.0,1,10.0
71465.0,1,2.0
71470.0,2,8.0
71475.0,2,2.0
71480.0,3,16.0
71485.0,1,12.0
71490.0,1,6.0
71495.0,1,11.0
71500.0,1,3.0
71505.0,4,17.0
71510.0,3,26.0
71515.0,0,7.0
71520.0,0,1.0
71525.0,2,4.0
71530.0,7,30.0
71535.0,5,48.0
71540.0,2,33.0
71545.0,2,20.0
71550.0,2,2.0
71555.0,8,30.0
71560.0,5,52.0
71565.0,1,33.0
71570.0,1,13.0
71575.0,2,2.0
71580.0,7,27.0
71585.0,6,53.0
71590.0,1,37.0
71595.0,1,22.0
71600.0,1,11.0
71605.0,1,2.0
71610.0,5,19.0
71615.0,1,26.0
71620.0,2,9.0
71625.0,1,6.0
71630.0,6,24.0
71635.0,2,35.0
71640.0,2,17.0
71645.0,3,20.0
71650.0,3,35.0
71655.0,2,17.0
71660.0,6,26.0
71665.0,5,41.0
71670.0,2,20.0
71675.0,2,13.0
71680.0,4,28.0
71685.0,0,13.0
71690.0,7,23.0
71695.0,5,43.0
71700.0,1,23.0
71705.0,2,8.0
71710.0,2,9.0
71715.0,8,30.0
71720.0,5,49.0
71725.0,3,40.0
71730.0,3,28.0
71735.0,4,45.0
71740.0,1,24.0
71745.0,7,24.0
71750.0,6,44.0
71755.0,1,27.0
71760.0,1,14.0
71765.0,1,16.0
71770.0,1,3.0
71775.0,5,16.0
71780.0,2,20.0
71785.0,2,5.0
71790.0,4,20.0
71795.0,4,23.0
71800.0,6,29.0
71805.0,4,36.0
71810.0,4,27.0
71815.0,0,17.0
71820.0,5,19.0
71825.0,4,32.0
71830.0,0,13.0
71835.0,0,0.0
71840.0,0,0.0
71845.0,0,0.0
71850.0,2,7.0
71855.0,0,7.0
71860.0,0,0.0
71865.0,5,15.0
71870.0,5,40.0
71875.0,5,65.0
71880.0,4,58.0
71885.0,4,21.0
71890.0,6,38.0
71895.0,12,86.0
71900.0,15,154.0
71905.0,18,242.0
71910.0,14,269.0
71915.0,7,227.0
71920.0,4,136.0
71925.0,2,82.0
71930.0,0,36.0
71935.0,6,56.0
71940.0,5,61.0
71945.0,1,34.0
71950.0,1,17.0
71955.0,1,15.0
71960.0,1,20.0
71965.0,1,1.0
71970.0,3,13.0
71975.0,0,6.0
71980.0,2,5.0
71985.0,3,8.0
71990.0,5,29.0
71995.0,1,29.0
72000.0,0,1.0
72005.0,1,3.0
72010.0,1,1.0
72015.0,4,16.0
72020.0,1,18.0
72025.0,1,3.0
72030.0,3,10.0
72035.0,1,5.0
72040.0,5,18.0
72045.0,3,29.0
72050.0,1,11.0
72055.0,3,14.0
72060.0,2,9.0
72065.0,5,23.0
72070.0,2,27.0
72075.0,0,5.0
72080.0,0,0.0
72085.0,3,5.0
72090.0,6,30.0
72095.0,6,51.0
72100.0,3,33.0
72105.0,5,35.0
72110.0,2,29.0
72115.0,8,33.0
72120.0,6,48.0
72125.0,2,31.0
72130.0,3,26.0
72135.0,2,13.0
72140.0,6,28.0
72145.0,2,33.0
72150.0,0,5.0
72155.0,3,6.0
72160.0,2,10.0
72165.0,6,26.0
72170.0,3,33.0
72175.0,2,22.0
72180.0,2,16.0
72185.0,1,3.0
72190.0,7,24.0
72195.0,5,47.0
72200.0,2,34.0
72205.0,3,36.0
72210.0,9,70.0
72215.0,10,94.0
72220.0,4,71.0
72225.0,4,54.0
72230.0,2,44.0
72235.0,8,51.0
72240.0,7,67.0
72245.0,3,47.0
72250.0,2,39.0
72255.0,7,61.0
72260.0,7,77.0
72265.0,5,64.0
72270.0,1,44.0
72275.0,7,59.0
72280.0,7,64.0
72285.0,4,54.0
72290.0,1,31.0
72295.0,1,25.0
72300.0,0,7.0
72305.0,5,24.0
72310.0,6,42.0
72315.0,3,33.0
72320.0,2,26.0
72325.0,2,25.0
72330.0,2,6.0
72335.0,8,31.0
72340.0,8,56.0
72345.0,2,47.0
72350.0,2,22.0
72355.0,3,25.0
72360.0,1,15.0
72365.0,6,21.0
72370.0,6,40.0
72375.0,3,41.0
72380.0,3,26.0
72385.0,4,35.0
72390.0,1,19.0
72395.0,7,25.0
72400.0,7,51.0
72405.0,0,37.0
72410.0,1,12.0
72415.0,1,8.0
72420.0,8,33.0
72425.0,7,52.0
72430.0,2,42.0
72435.0,3,29.0
72440.0,2,15.0
72445.0,6,31.0
72450.0,4,43.0
72455.0,1,22.0
72460.0,3,16.0
72465.0,1,9.0
72470.0,6,20.0
72475.0,2,27.0
72480.0,1,10.0
72485.0,3,16.0
72490.0,3,31.0
72495.0,0,10.0
72500.0,1,3.0
72505.0,0,0.0
72510.0,1,2.0
72515.0,2,11.0
72520.0,1,2.0
72525.0,5,18.0
72530.0,7,47.0
72535.0,3,50.0
72540.0,1,15.0
72545.0,4,19.0
72550.0,2,17.0
72555.0,6,26.0
72560.0,6,52.0
72565.0,1,37.0
72570.0,1,15.0
72575.0,3,11.0
72580.0,3,26.0
72585.0,3,41.0
72590.0,0,14.0
72595.0,6,15.0
72600.0,3,30.0
72605.0,1,17.0
72610.0,2,11.0
72615.0,1,2.0
72620.0,7,23.0
72625.0,4,37.0
72630.0,2,21.0
72635.0,2,17.0
72640.0,2,7.0
72645.0,7,27.0
72650.0,4,39.0
72655.0,0,15.0
72660.0,2,5.0
72665.0,1,4.0
72670.0,7,27.0
72675.0,10,70.0
72680.0,8,97.0
72685.0,2,72.0
72690.0,3,32.0
72695.0,2,27.0
72700.0,7,46.0
72705.0,8,58.0
72710.0,1,45.0
72715.0,0,17.0
72720.0,1,2.0
72725.0,1,1.0
72730.0,6,21.0
72735.0,9,65.0
72740.0,6,82.0
72745.0,2,52.0
72750.0,4,26.0
72755.0,5,49.0
72760.0,2,30.0
72765.0,7,27.0
72770.0,5,47.0
72775.0,1,35.0
72780.0,1,15.0
72785.0,3,22.0
72790.0,1,7.0
72795.0,6,21.0
72800.0,6,43.0
72805.0,4,44.0
72810.0,3,35.0
72815.0,2,30.0
72820.0,8,47.0
72825.0,9,68.0
72830.0,3,59.0
72835.0,1,35.0
72840.0,2,23.0
72845.0,0,4.0
72850.0,7,23.0
72855.0,7,46.0
72860.0,3,45.0
72865.0,2,29.0
72870.0,2,12.0
72875.0,9,39.0
72880.0,5,60.0
72885.0,0,37.0
72890.0,0,4.0
72895.0,0,0.0
72900.0,0,0.0
72905.0,1,1.0
72910.0,3,14.0
72915.0,0,12.0
72920.0,2,8.0
72925.0,4,26.0
72930.0,2,19.0
72935.0,6,26.0
72940.0,6,40.0
72945.0,4,32.0
72950.0,5,43.0
72955.0,3,37.0
72960.0,7,32.0
72965.0,9,52.0
72970.0,4,50.0
72975.0,4,47.0
72980.0,2,34.0
72985.0,7,34.0
72990.0,7,54.0
72995.0,4,47.0
73000.0,3,37.0
73005.0,2,39.0
73010.0,7,58.0
73015.0,9,79.0
73020.0,7,72.0
73025.0,4,63.0
73030.0,0,43.0
73035.0,6,47.0
73040.0,6,61.0
73045.0,3,53.0
73050.0,1,25.0
73055.0,2,17.0
73060.0,2,5.0
73065.0,7,29.0
73070.0,6,51.0
73075.0,3,44.0
73080.0,1,18.0
73085.0,1,14.0
73090.0,1,1.0
73095.0,6,19.0
73100.0,3,31.0
73105.0,1,11.0
73110.0,1,7.0
73115.0,0,0.0
73120.0,5,16.0
73125.0,1,22.0
73130.0,0,3.0
73135.0,0,0.0
73140.0,4,10.0
73145.0,0,13.0
73150.0,1,3.0
73155.0,2,9.0
73160.0,0,0.0
73165.0,5,15.0
73170.0,1,24.0
73175.0,2,13.0
73180.0,3,20.0
73185.0,2,9.0
73190.0,6,26.0
73195.0,2,32.0
73200.0,1,10.0
73205.0,2,15.0
73210.0,2,8.0
73215.0,6,27.0
73220.0,2,35.0
73225.0,1,13.0
73230.0,3,17.0
73235.0,1,7.0
73240.0,5,20.0
73245.0,8,51.0
73250.0,11,101.0
73255.0,13,159.0
73260.0,7,166.0
73265.0,1,108.0
73270.0,2,21.0
73275.0,2,17.0
73280.0,6,38.0
73285.0,6,47.0
73290.0,2,43.0
73295.0,2,27.0
73300.0,2,25.0
73305.0,1,7.0
73310.0,6,18.0
73315.0,3,30.0
73320.0,2,16.0
73325.0,4,23.0
73330.0,3,22.0
73335.0,7,30.0
73340.0,3,39.0
73345.0,0,9.0
73350.0,0,0.0
73355.0,3,5.0
73360.0,8,35.0
73365.0,6,58.0
73370.0,1,42.0
73375.0,1,14.0
73380.0,1,5.0
73385.0,7,28.0
73390.0,7,51.0
73395.0,2,47.0
73400.0,2,28.0
73405.0,2,15.0
73410.0,7,39.0
73415.0,6,51.0
73420.0,1,33.0
73425.0,1,14.0
73430.0,1,13.0
73435.0,1,1.0
73440.0,6,20.0
73445.0,4,36.0
73450.0,1,20.0
73455.0,2,13.0
73460.0,3,10.0
73465.0,6,28.0
73470.0,6,45.0
73475.0,3,34.0
73480.0,3,32.0
73485.0,4,39.0
73490.0,4,59.0
73495.0,1,35.0
73500.0,3,10.0
73505.0,0,6.0
73510.0,0,0.0
73515.0,2,4.0
73520.0,4,21.0
73525.0,2,20.0
73530.0,2,10.0
73535.0,4,28.0
73540.0,5,51.0
73545.0,0,32.0
73550.0,3,6.0
73555.0,1,16.0
73560.0,2,9.0
73565.0,3,16.0
73570.0,1,9.0
73575.0,9,31.0
73580.0,5,54.0
73585.0,0,33.0
73590.0,1,6.0
73595.0,2,11.0
73600.0,0,0.0
73605.0,2,5.0
73610.0,1,11.0
73615.0,0,1.0
73620.0,0,0.0
73625.0,1,1.0
73630.0,4,15.0
73635.0,1,14.0
73640.0,2,10.0
73645.0,2,20.0
73650.0,1,2.0
73655.0,4,12.0
73660.0,2,15.0
73665.0,1,5.0
73670.0,2,10.0
73675.0,2,3.0
73680.0,8,32.0
73685.0,7,57.0
73690.0,3,46.0
73695.0,2,25.0
73700.0,1,9.0
73705.0,7,33.0
73710.0,6,51.0
73715.0,4,47.0
73720.0,3,36.0
73725.0,3,41.0
73730.0,1,21.0
73735.0,6,21.0
73740.0,8,46.0
73745.0,7,55.0
73750.0,4,58.0
73755.0,2,46.0
73760.0,6,46.0
73765.0,11,71.0
73770.0,8,80.0
73775.0,2,72.0
73780.0,8,77.0
73785.0,9,99.0
73790.0,3,75.0
73795.0,1,31.0
73800.0,2,27.0
73805.0,8,53.0
73810.0,6,64.0
73815.0,2,29.0
73820.0,1,14.0
73825.0,3,13.0
73830.0,8,42.0
73835.0,11,93.0
73840.0,14,156.0
73845.0,18,238.0
73850.0,20,334.0
73855.0,21,438.0
73860.0,17,467.0
73865.0,11,373.0
73870.0,7,261.0
73875.0,3,138.0
73880.0,0,117.0
73885.0,7,126.0
73890.0,8,116.0
73895.0,4,72.0
73900.0,2,37.0
73905.0,1,26.0
73910.0,1,10.0
73915.0,5,28.0
73920.0,8,51.0
73925.0,3,48.0
73930.0,4,51.0
73935.0,10,86.0
73940.0,10,114.0
73945.0,7,106.0
73950.0,8,89.0
73955.0,2,94.0
73960.0,7,117.0
73965.0,8,128.0
73970.0,7,119.0
73975.0,4,120.0
73980.0,8,145.0
73985.0,7,154.0
73990.0,7,113.0
73995.0,4,72.0
74000.0,4,58.0
74005.0,1,46.0
74010.0,7,63.0
74015.0,12,113.0
74020.0,12,142.0
74025.0,6,124.0
74030.0,2,78.0
74035.0,3,53.0
74040.0,4,45.0
74045.0,0,25.0
74050.0,5,19.0
74055.0,4,31.0
74060.0,1,16.0
74065.0,5,24.0
74070.0,2,23.0
74075.0,5,22.0
74080.0,2,25.0
74085.0,3,17.0
74090.0,3,16.0
74095.0,7,42.0
74100.0,4,50.0
74105.0,0,21.0
74110.0,2,9.0
74115.0,2,17.0
74120.0,1,2.0
74125.0,6,24.0
74130.0,8,51.0
74135.0,5,53.0
74140.0,3,43.0
74145.0,2,34.0
74150.0,7,48.0
74155.0,8,66.0
74160.0,6,60.0
74165.0,2,60.0
74170.0,8,78.0
74175.0,7,93.0
74180.0,3,76.0
74185.0,2,43.0
74190.0,3,32.0
74195.0,2,28.0
74200.0,0,5.0
74205.0,5,21.0
74210.0,6,43.0
74215.0,3,44.0
74220.0,3,30.0
74225.0,2,17.0
74230.0,7,38.0
74235.0,12,91.0
74240.0,10,123.0
74245.0,6,111.0
74250.0,3,104.0
74255.0,8,128.0
74260.0,8,134.0
74265.0,7,103.0
74270.0,4,66.0
74275.0,2,58.0
74280.0,8,72.0
74285.0,8,88.0
74290.0,5,77.0
74295.0,4,54.0
74300.0,1,33.0
74305.0,1,24.0
74310.0,5,41.0
74315.0,7,58.0
74320.0,2,49.0
74325.0,0,20.0
74330.0,1,7.0
74335.0,2,6.0
74340.0,7,29.0
74345.0,3,42.0
74350.0,0,19.0
74355.0,1,4.0
74360.0,5,21.0
74365.0,1,18.0
74370.0,5,21.0
74375.0,6,43.0
74380.0,1,34.0
74385.0,1,15.0
74390.0,1,16.0
74395.0,1,1.0
74400.0,7,24.0
74405.0,4,43.0
74410.0,2,23.0
74415.0,2,18.0
74420.0,2,7.0
74425.0,7,31.0
74430.0,4,43.0
74435.0,2,29.0
74440.0,2,17.0
74445.0,3,7.0
74450.0,8,35.0
74455.0,7,53.0
74460.0,1,35.0
74465.0,5,25.0
74470.0,2,22.0
74475.0,7,30.0
74480.0,8,58.0
74485.0,2,54.0
74490.0,1,24.0
74495.0,4,15.0
74500.0,2,19.0
74505.0,7,28.0
74510.0,6,47.0
74515.0,0,29.0
74520.0,2,7.0
74525.0,3,17.0
74530.0,1,7.0
74535.0,6,19.0
74540.0,5,41.0
74545.0,0,23.0
74550.0,1,6.0
74555.0,2,5.0
74560.0,7,28.0
74565.0,3,36.0
74570.0,2,18.0
74575.0,3,21.0
74580.0,2,12.0
74585.0,4,16.0
74590.0,2,18.0
74595.0,1,7.0
74600.0,2,12.0
74605.0,2,22.0
74610.0,0,0.0
74615.0,5,18.0
74620.0,1,23.0
74625.0,0,0.0
74630.0,1,1.0
74635.0,6,22.0
74640.0,5,41.0
74645.0,1,28.0
74650.0,1,11.0
74655.0,1,5.0
74660.0,7,29.0
74665.0,6,50.0
74670.0,3,44.0
74675.0,5,34.0
74680.0,0,25.0
74685.0,6,22.0
74690.0,7,45.0
74695.0,0,35.0
74700.0,2,17.0
74705.0,1,10.0
74710.0,5,28.0
74715.0,0,23.0
74720.0,4,10.0
74725.0,8,37.0
74730.0,3,49.0
74735.0,0,19.0
74740.0,4,10.0
74745.0,0,11.0
74750.0,1,4.0
74755.0,1,9.0
74760.0,0,0.0
74765.0,3,7.0
74770.0,0,9.0
74775.0,2,8.0
74780.0,2,8.0
74785.0,5,21.0
74790.0,0,18.0
74795.0,0,0.0
74800.0,3,6.0
74805.0,8,38.0
74810.0,8,68.0
74815.0,4,60.0
74820.0,2,32.0
74825.0,2,25.0
74830.0,2,8.0
74835.0,7,29.0
74840.0,4,43.0
74845.0,2,23.0
74850.0,2,14.0
74855.0,2,3.0
74860.0,6,28.0
74865.0,6,50.0
74870.0,1,23.0
74875.0,1,6.0
74880.0,2,14.0
74885.0,0,3.0
74890.0,4,11.0
74895.0,2,21.0
74900.0,0,0.0
74905.0,2,8.0
74910.0,1,3.0
74915.0,5,20.0
74920.0,3,30.0
74925.0,0,11.0
74930.0,3,11.0
74935.0,1,6.0
74940.0,3,14.0
74945.0,0,8.0
74950.0,1,4.0
74955.0,0,1.0
74960.0,1,4.0
74965.0,4,17.0
74970.0,0,10.0
74975.0,2,6.0
74980.0,4,21.0
74985.0,0,11.0
74990.0,1,3.0
74995.0,0,0.0
75000.0,0,0.0
75005.0,1,1.0
75010.0,1,6.0
75015.0,3,19.0
75020.0,0,6.0
75025.0,5,17.0
75030.0,0,21.0
75035.0,0,0.0
75040.0,1,2.0
75045.0,2,3.0
75050.0,5,22.0
75055.0,5,31.0
75060.0,1,17.0
75065.0,1,12.0
75070.0,1,17.0
75075.0,1,1.0
75080.0,6,20.0
75085.0,3,32.0
75090.0,0,9.0
75095.0,2,8.0
75100.0,2,4.0
75105.0,6,29.0
75110.0,2,32.0
75115.0,2,15.0
75120.0,3,18.0
75125.0,4,36.0
75130.0,0,18.0
75135.0,4,13.0
75140.0,1,15.0
75145.0,1,3.0
75150.0,1,7.0
75155.0,1,2.0
75160.0,7,25.0
75165.0,10,70.0
75170.0,7,92.0
75175.0,1,56.0
75180.0,4,17.0
75185.0,2,21.0
75190.0,8,34.0
75195.0,5,49.0
75200.0,0,30.0
75205.0,0,9.0
75210.0,1,7.0
75215.0,7,26.0
75220.0,5,38.0
75225.0,2,15.0
75230.0,2,17.0
75235.0,2,4.0
75240.0,4,22.0
75245.0,1,17.0
75250.0,3,12.0
75255.0,4,28.0
75260.0,1,15.0
75265.0,4,13.0
75270.0,0,11.0
75275.0,2,7.0
75280.0,2,17.0
75285.0,1,1.0
75290.0,5,18.0
75295.0,2,28.0
75300.0,2,11.0
75305.0,3,19.0
75310.0,2,9.0
75315.0,3,15.0
75320.0,5,39.0
75325.0,4,37.0
75330.0,1,16.0
75335.0,5,23.0
75340.0,1,19.0
75345.0,7,29.0
75350.0,9,60.0
75355.0,5,62.0
75360.0,2,44.0
75365.0,3,37.0
75370.0,1,18.0
75375.0,7,34.0
75380.0,6,51.0
75385.0,1,36.0
75390.0,3,17.0
75395.0,1,15.0
75400.0,7,35.0
75405.0,12,85.0
75410.0,11,117.0
75415.0,5,105.0
75420.0,2,64.0
75425.0,4,51.0
75430.0,1,32.0
75435.0,7,42.0
75440.0,8,60.0
75445.0,6,53.0
75450.0,2,42.0
75455.0,1,29.0
75460.0,2,17.0
75465.0,8,46.0
75470.0,7,67.0
75475.0,4,59.0
75480.0,2,39.0
75485.0,2,30.0
75490.0,0,8.0
75495.0,6,25.0
75500.0,3,35.0
75505.0,2,18.0
75510.0,3,18.0
75515.0,7,41.0
75520.0,4,49.0
75525.0,3,25.0
75530.0,1,20.0
75535.0,6,36.0
75540.0,5,47.0
75545.0,1,29.0
75550.0,1,12.0
75555.0,1,13.0
75560.0,2,2.0
75565.0,6,23.0
75570.0,5,38.0
75575.0,0,22.0
75580.0,2,8.0
75585.0,2,6.0
75590.0,7,28.0
75595.0,8,52.0
75600.0,4,57.0
75605.0,2,36.0
75610.0,3,32.0
75615.0,1,5.0
75620.0,7,25.0
75625.0,7,49.0
75630.0,1,42.0
75635.0,1,20.0
75640.0,2,18.0
75645.0,1,1.0
75650.0,5,18.0
75655.0,1,21.0
75660.0,1,7.0
75665.0,2,13.0
75670.0,2,5.0
75675.0,7,28.0
75680.0,12,80.0
75685.0,10,116.0
75690.0,4,101.0
75695.0,0,47.0
75700.0,2,17.0
75705.0,2,17.0
75710.0,7,35.0
75715.0,7,52.0
75720.0,5,55.0
75725.0,1,34.0
75730.0,1,20.0
75735.0,2,9.0
75740.0,8,35.0
75745.0,6,49.0
75750.0,1,28.0
75755.0,2,17.0
75760.0,1,5.0
75765.0,9,33.0
75770.0,8,63.0
75775.0,2,54.0
75780.0,3,29.0
75785.0,5,37.0
75790.0,1,24.0
75795.0,7,25.0
75800.0,4,40.0
75805.0,2,27.0
75810.0,2,19.0
75815.0,3,5.0
75820.0,6,28.0
75825.0,5,43.0
75830.0,3,25.0
75835.0,3,20.0
75840.0,2,13.0
75845.0,6,25.0
75850.0,7,42.0
75855.0,2,31.0
75860.0,3,21.0
75865.0,1,16.0
75870.0,8,38.0
75875.0,7,59.0
75880.0,1,47.0
75885.0,1,17.0
75890.0,1,12.0
75895.0,1,1.0
75900.0,2,10.0
75905.0,0,2.0
75910.0,0,0.0
75915.0,0,0.0
75920.0,3,8.0
75925.0,0,10.0
75930.0,1,5.0
75935.0,2,6.0
75940.0,7,34.0
75945.0,3,40.0
75950.0,2,12.0
75955.0,3,14.0
75960.0,6,37.0
75965.0,1,35.0
75970.0,1,1.0
75975.0,1,6.0
75980.0,2,4.0
75985.0,7,32.0
75990.0,5,49.0
75995.0,2,35.0
76000.0,2,20.0
76005.0,4,35.0
76010.0,1,16.0
76015.0,5,18.0
76020.0,7,39.0
76025.0,1,30.0
76030.0,2,17.0
76035.0,2,22.0
76040.0,1,1.0
76045.0,7,24.0
76050.0,5,40.0
76055.0,1,23.0
76060.0,1,12.0
76065.0,1,2.0
76070.0,6,24.0
76075.0,4,38.0
76080.0,0,14.0
76085.0,0,0.0
76090.0,1,4.0
76095.0,2,2.0
76100.0,4,21.0
76105.0,0,22.0
76110.0,0,0.0
76115.0,0,0.0
76120.0,1,2.0
76125.0,4,21.0
76130.0,2,26.0
76135.0,0,1.0
76140.0,2,7.0
76145.0,1,7.0
76150.0,6,20.0
76155.0,5,39.0
76160.0,1,26.0
76165.0,3,14.0
76170.0,1,7.0
76175.0,7,23.0
76180.0,7,46.0
76185.0,5,52.0
76190.0,3,40.0
76195.0,4,47.0
76200.0,2,26.0
76205.0,7,24.0
76210.0,6,45.0
76215.0,1,29.0
76220.0,1,8.0
76225.0,2,3.0
76230.0,6,26.0
76235.0,4,42.0
76240.0,3,35.0
76245.0,3,26.0
76250.0,2,18.0
76255.0,8,35.0
76260.0,8,61.0
76265.0,7,66.0
76270.0,4,61.0
76275.0,4,51.0
76280.0,0,30.0
76285.0,6,32.0
76290.0,9,53.0
76295.0,7,57.0
76300.0,2,62.0
76305.0,9,90.0
76310.0,9,115.0
76315.0,8,109.0
76320.0,7,139.0
76325.0,10,182.0
76330.0,9,195.0
76335.0,6,146.0
76340.0,5,105.0
76345.0,2,116.0
76350.0,8,140.0
76355.0,7,148.0
76360.0,6,115.0
76365.0,5,72.0
76370.0,2,66.0
76375.0,7,84.0
76380.0,8,94.0
76385.0,6,78.0
76390.0,3,57.0
76395.0,1,37.0
76400.0,2,38.0
76405.0,7,61.0
76410.0,9,81.0
76415.0,4,73.0
76420.0,4,48.0
76425.0,3,37.0
76430.0,2,28.0
76435.0,8,45.0
76440.0,6,64.0
76445.0,0,40.0
76450.0,2,17.0
76455.0,3,19.0
76460.0,2,12.0
76465.0,5,21.0
76470.0,4,29.0
76475.0,3,23.0
76480.0,1,10.0
76485.0,6,19.0
76490.0,3,28.0
76495.0,1,9.0
76500.0,5,18.0
76505.0,7,49.0
76510.0,7,84.0
76515.0,8,123.0
76520.0,3,105.0
76525.0,5,43.0
76530.0,5,41.0
76535.0,2,33.0
76540.0,5,44.0
76545.0,3,31.0
76550.0,8,31.0
76555.0,9,71.0
76560.0,12,130.0
76565.0,14,196.0
76570.0,9,208.0
76575.0,5,113.0
76580.0,2,55.0
76585.0,3,31.0
76590.0,2,17.0
76595.0,6,34.0
76600.0,7,51.0
76605.0,2,44.0
76610.0,2,26.0
76615.0,3,26.0
76620.0,1,5.0
76625.0,6,20.0
76630.0,4,38.0
76635.0,1,24.0
76640.0,3,18.0
76645.0,2,13.0
76650.0,4,22.0
76655.0,1,21.0
76660.0,2,5.0
76665.0,3,14.0
76670.0,3,9.0
76675.0,6,28.0
76680.0,4,41.0
76685.0,5,32.0
76690.0,1,29.0
76695.0,7,33.0
76700.0,3,39.0
76705.0,0,7.0
76710.0,1,3.0
76715.0,1,2.0
76720.0,7,24.0
76725.0,5,45.0
76730.0,2,32.0
76735.0,5,23.0
76740.0,3,25.0
76745.0,7,30.0
76750.0,8,54.0
76755.0,1,47.0
76760.0,1,22.0
76765.0,3,22.0
76770.0,1,8.0
76775.0,5,20.0
76780.0,2,24.0
76785.0,2,14.0
76790.0,3,24.0
76795.0,3,39.0
76800.0,1,13.0
76805.0,5,19.0
76810.0,3,31.0
76815.0,0,12.0
76820.0,1,5.0
76825.0,2,12.0
76830.0,0,0.0
76835.0,4,18.0
76840.0,2,23.0
76845.0,1,6.0
76850.0,2,16.0
76855.0,1,1.0
76860.0,3,11.0
76865.0,1,8.0
76870.0,0,1.0
76875.0,3,6.0
76880.0,8,33.0
76885.0,4,50.0
76890.0,0,20.0
76895.0,0,0.0
76900.0,2,3.0
76905.0,3,18.0
76910.0,0,8.0
76915.0,1,3.0
76920.0,1,8.0
76925.0,1,2.0
76930.0,2,11.0
76935.0,0,5.0
76940.0,1,5.0
76945.0,2,4.0
76950.0,7,32.0
76955.0,3,44.0
76960.0,1,20.0
76965.0,2,10.0
76970.0,2,3.0
76975.0,7,30.0
76980.0,4,45.0
76985.0,3,28.0
76990.0,4,27.0
76995.0,5,51.0
77000.0,1,35.0
77005.0,3,9.0
77010.0,0,9.0
77015.0,2,5.0
77020.0,2,9.0
77025.0,5,22.0
77030.0,6,38.0
77035.0,5,36.0
77040.0,5,45.0
77045.0,2,37.0
77050.0,6,27.0
77055.0,3,36.0
77060.0,1,11.0
77065.0,2,9.0
77070.0,1,1.0
77075.0,4,13.0
77080.0,1,15.0
77085.0,1,2.0
77090.0,2,9.0
77095.0,0,0.0
77100.0,2,5.0
77105.0,0,2.0
77110.0,1,2.0
77115.0,1,2.0
77120.0,3,13.0
77125.0,0,9.0
77130.0,0,0.0
77135.0,0,0.0
77140.0,0,0.0
77145.0,0,0.0
77150.0,5,16.0
77155.0,3,27.0
77160.0,1,12.0
77165.0,1,9.0
77170.0,2,5.0
77175.0,5,21.0
77180.0,2,21.0
77185.0,0,3.0
77190.0,1,5.0
77195.0,2,2.0
77200.0,7,25.0
77205.0,6,47.0
77210.0,0,29.0
77215.0,1,4.0
77220.0,2,9.0
77225.0,1,4.0
77230.0,5,19.0
77235.0,1,23.0
77240.0,0,3.0
77245.0,1,4.0
77250.0,0,0.0
77255.0,3,8.0
77260.0,2,12.0
77265.0,0,2.0
77270.0,0,0.0
77275.0,2,2.0
77280.0,4,18.0
77285.0,1,17.0
77290.0,2,4.0
77295.0,2,13.0
77300.0,4,31.0
77305.0,1,18.0
77310.0,4,14.0
77315.0,2,15.0
77320.0,1,8.0
77325.0,1,12.0
77330.0,4,28.0
77335.0,0,12.0
77340.0,3,11.0
77345.0,7,38.0
77350.0,9,78.0
77355.0,6,89.0
77360.0,0,45.0
77365.0,0,8.0
77370.0,0,0.0
77375.0,2,2.0
77380.0,6,23.0
77385.0,3,34.0
77390.0,1,14.0
77395.0,3,14.0
77400.0,2,7.0
77405.0,7,23.0
77410.0,4,39.0
77415.0,0,19.0
77420.0,1,5.0
77425.0,1,10.0
77430.0,4,25.0
77435.0,0,13.0
77440.0,3,5.0
77445.0,2,13.0
77450.0,1,3.0
77455.0,3,12.0
77460.0,2,9.0
77465.0,6,27.0
77470.0,2,35.0
77475.0,1,10.0
77480.0,4,15.0
77485.0,2,15.0
77490.0,7,30.0
77495.0,6,52.0
77500.0,1,26.0
77505.0,1,8.0
77510.0,2,6.0
77515.0,6,31.0
77520.0,4,43.0
77525.0,0,17.0
77530.0,1,5.0
77535.0,2,3.0
77540.0,3,18.0
77545.0,1,14.0
77550.0,1,5.0
77555.0,2,12.0
77560.0,2,2.0
77565.0,4,17.0
77570.0,1,17.0
77575.0,3,15.0
77580.0,3,30.0
77585.0,2,14.0
77590.0,5,25.0
77595.0,0,26.0
77600.0,0,0.0
77605.0,1,1.0
77610.0,1,3.0
77615.0,6,26.0
77620.0,4,42.0
77625.0,1,18.0
77630.0,3,9.0
77635.0,2,7.0
77640.0,9,34.0
77645.0,5,58.0
77650.0,2,42.0
77655.0,2,19.0
77660.0,1,4.0
77665.0,7,28.0
77670.0,4,40.0
77675.0,2,27.0
77680.0,3,21.0
77685.0,2,7.0
77690.0,5,22.0
77695.0,2,28.0
77700.0,0,7.0
77705.0,1,2.0
77710.0,1,1.0
77715.0,6,21.0
77720.0,1,27.0
77725.0,0,6.0
77730.0,0,0.0
77735.0,0,0.0
77740.0,1,2.0
77745.0,4,19.0
77750.0,1,21.0
77755.0,2,5.0
77760.0,2,3.0
77765.0,8,30.0
77770.0,6,54.0
77775.0,3,41.0
77780.0,3,37.0
77785.0,8,55.0
77790.0,6,63.0
77795.0,0,34.0
77800.0,0,4.0
77805.0,2,7.0
77810.0,2,3.0
77815.0,7,26.0
77820.0,7,47.0
77825.0,4,40.0
77830.0,3,39.0
77835.0,7,52.0
77840.0,8,72.0
77845.0,2,49.0
77850.0,2,30.0
77855.0,4,30.0
77860.0,2,17.0
77865.0,6,22.0
77870.0,1,28.0
77875.0,1,7.0
77880.0,1,8.0
77885.0,1,13.0
77890.0,1,18.0
77895.0,1,1.0
77900.0,5,17.0
77905.0,0,19.0
77910.0,1,5.0
77915.0,2,11.0
77920.0,1,1.0
77925.0,4,17.0
77930.0,1,19.0
77935.0,1,6.0
77940.0,1,8.0
77945.0,3,4.0
77950.0,8,34.0
77955.0,5,54.0
77960.0,1,30.0
77965.0,3,17.0
77970.0,2,10.0
77975.0,8,32.0
77980.0,8,58.0
77985.0,7,64.0
77990.0,4,53.0
77995.0,0,43.0
78000.0,7,47.0
78005.0,7,63.0
78010.0,5,60.0
78015.0,2,43.0
78020.0,4,43.0
78025.0,2,28.0
78030.0,7,37.0
78035.0,8,56.0
78040.0,5,53.0
78045.0,4,58.0
78050.0,8,88.0
78055.0,10,113.0
78060.0,6,97.0
78065.0,4,78.0
78070.0,2,54.0
78075.0,0,43.0
78080.0,6,61.0
78085.0,5,74.0
78090.0,5,57.0
78095.0,3,34.0
78100.0,4,39.0
78105.0,1,19.0
78110.0,6,23.0
78115.0,8,47.0
78120.0,6,58.0
78125.0,6,61.0
78130.0,6,77.0
78135.0,1,59.0
78140.0,6,20.0
78145.0,8,45.0
78150.0,6,59.0
78155.0,3,50.0
78160.0,3,50.0
78165.0,2,27.0
78170.0,7,32.0
78175.0,11,80.0
78180.0,8,101.0
78185.0,2,76.0
78190.0,2,31.0
78195.0,5,27.0
78200.0,2,24.0
78205.0,7,27.0
78210.0,7,62.0
78215.0,9,103.0
78220.0,5,106.0
78225.0,2,49.0
78230.0,3,14.0
78235.0,2,7.0
78240.0,7,28.0
78245.0,7,55.0
78250.0,1,46.0
78255.0,1,26.0
78260.0,1,15.0
78265.0,1,1.0
78270.0,4,15.0
78275.0,2,18.0
78280.0,1,8.0
78285.0,1,11.0
78290.0,1,1.0
78295.0,5,16.0
78300.0,2,23.0
78305.0,0,5.0
78310.0,1,1.0
78315.0,1,5.0
78320.0,5,20.0
78325.0,3,30.0
78330.0,2,16.0
78335.0,2,14.0
78340.0,1,8.0
78345.0,6,21.0
78350.0,6,41.0
78355.0,3,39.0
78360.0,3,37.0
78365.0,1,18.0
78370.0,6,25.0
78375.0,6,48.0
78380.0,2,44.0
78385.0,0,17.0
78390.0,1,7.0
78395.0,2,3.0
78400.0,8,27.0
78405.0,10,75.0
78410.0,8,100.0
78415.0,4,85.0
78420.0,1,72.0
78425.0,8,91.0
78430.0,8,98.0
78435.0,4,71.0
78440.0,4,79.0
78445.0,9,105.0
78450.0,15,168.0
78455.0,15,200.0
78460.0,7,171.0
78465.0,4,105.0
78470.0,2,66.0
78475.0,1,49.0
78480.0,6,69.0
78485.0,7,76.0
78490.0,5,60.0
78495.0,2,45.0
78500.0,4,45.0
78505.0,1,27.0
78510.0,6,27.0
78515.0,7,46.0
78520.0,7,45.0
78525.0,5,54.0
78530.0,2,45.0
78535.0,7,42.0
78540.0,5,55.0
78545.0,2,37.0
78550.0,2,25.0
78555.0,2,30.0
78560.0,2,4.0
78565.0,7,28.0
78570.0,5,45.0
78575.0,1,29.0
78580.0,2,15.0
78585.0,2,9.0
78590.0,7,33.0
78595.0,4,44.0
78600.0,2,27.0
78605.0,3,22.0
78610.0,2,12.0
78615.0,6,23.0
78620.0,3,33.0
78625.0,2,15.0
78630.0,3,23.0
78635.0,0,6.0
78640.0,2,6.0
78645.0,0,4.0
78650.0,0,0.0
78655.0,0,0.0
78660.0,1,2.0
78665.0,4,14.0
78670.0,0,14.0
78675.0,1,4.0
78680.0,1,4.0
78685.0,5,18.0
78690.0,0,20.0
78695.0,0,0.0
78700.0,0,0.0
78705.0,2,6.0
78710.0,0,0.0
78715.0,1,4.0
78720.0,4,19.0
78725.0,1,17.0
78730.0,2,9.0
78735.0,4,27.0
78740.0,0,18.0
78745.0,5,18.0
78750.0,2,27.0
78755.0,1,9.0
78760.0,2,11.0
78765.0,1,1.0
78770.0,5,17.0
78775.0,3,28.0
78780.0,0,8.0
78785.0,3,11.0
78790.0,1,8.0
78795.0,5,20.0
78800.0,3,29.0
78805.0,0,15.0
78810.0,2,11.0
78815.0,5,30.0
78820.0,1,29.0
78825.0,8,27.0
78830.0,5,47.0
78835.0,0,24.0
78840.0,3,8.0
78845.0,4,12.0
78850.0,8,37.0
78855.0,9,80.0
78860.0,5,91.0
78865.0,1,48.0
78870.0,1,11.0
78875.0,2,5.0
78880.0,7,29.0
78885.0,5,43.0
78890.0,2,25.0
78895.0,3,18.0
78900.0,1,15.0
78905.0,6,23.0
78910.0,5,38.0
78915.0,3,27.0
78920.0,2,20.0
78925.0,7,35.0
78930.0,5,47.0
78935.0,1,28.0
78940.0,4,23.0
78945.0,4,39.0
78950.0,1,23.0
78955.0,7,22.0
78960.0,3,36.0
78965.0,3,17.0
78970.0,2,23.0
78975.0,8,41.0
78980.0,14,101.0
78985.0,12,133.0
78990.0,7,134.0
78995.0,4,91.0
79000.0,6,72.0
79005.0,3,59.0
79010.0,8,45.0
79015.0,9,70.0
79020.0,7,76.0
79025.0,5,73.0
79030.0,2,58.0
79035.0,7,47.0
79040.0,13,95.0
79045.0,12,130.0
79050.0,8,128.0
79055.0,3,92.0
79060.0,3,60.0
79065.0,1,36.0
79070.0,8,55.0
79075.0,8,74.0
79080.0,5,59.0
79085.0,3,46.0
79090.0,2,37.0
79095.0,0,15.0
79100.0,6,31.0
79105.0,7,53.0
79110.0,4,47.0
79115.0,1,26.0
79120.0,3,27.0
79125.0,0,11.0
79130.0,6,25.0
79135.0,7,50.0
79140.0,3,50.0
79145.0,4,41.0
79150.0,2,28.0
79155.0,8,36.0
79160.0,14,90.0
79165.0,10,121.0
79170.0,4,92.0
79175.0,2,59.0
79180.0,3,37.0
79185.0,3,17.0
79190.0,8,37.0
79195.0,9,63.0
79200.0,1,49.0
79205.0,1,22.0
79210.0,4,18.0
79215.0,1,11.0
79220.0,7,25.0
79225.0,5,45.0
79230.0,1,24.0
79235.0,2,9.0
79240.0,2,19.0
79245.0,1,1.0
79250.0,4,17.0
79255.0,0,17.0
79260.0,1,3.0
79265.0,1,8.0
79270.0,1,13.0
79275.0,1,2.0
79280.0,3,12.0
79285.0,0,8.0
79290.0,0,0.0
79295.0,0,0.0
79300.0,0,0.0
79305.0,0,0.0
79310.0,3,8.0
79315.0,0,12.0
79320.0,0,0.0
79325.0,2,8.0
79330.0,1,1.0
79335.0,6,20.0
79340.0,2,29.0
79345.0,0,8.0
79350.0,2,8.0
79355.0,2,2.0
79360.0,5,19.0
79365.0,1,24.0
79370.0,0,3.0
79375.0,0,0.0
79380.0,1,1.0
79385.0,5,21.0
79390.0,3,30.0
79395.0,1,13.0
79400.0,2,14.0
79405.0,3,29.0
79410.0,0,8.0
79415.0,3,8.0
79420.0,1,8.0
79425.0,2,7.0
79430.0,2,17.0
79435.0,0,3.0
79440.0,2,6.0
79445.0,1,11.0
79450.0,1,3.0
79455.0,2,10.0
79460.0,2,5.0
79465.0,7,26.0
79470.0,4,44.0
79475.0,1,23.0
79480.0,1,7.0
79485.0,0,0.0
79490.0,6,21.0
79495.0,6,45.0
79500.0,1,25.0
79505.0,2,13.0
79510.0,3,22.0
79515.0,3,9.0
79520.0,8,32.0
79525.0,7,57.0
79530.0,2,34.0
79535.0,2,20.0
79540.0,1,3.0
79545.0,6,25.0
79550.0,9,66.0
79555.0,5,80.0
79560.0,2,45.0
79565.0,3,19.0
79570.0,2,10.0
79575.0,6,30.0
79580.0,4,41.0
79585.0,1,21.0
79590.0,2,12.0
79595.0,2,19.0
79600.0,3,5.0
79605.0,4,23.0
79610.0,1,26.0
79615.0,0,5.0
79620.0,2,6.0
79625.0,1,1.0
79630.0,4,14.0
79635.0,1,15.0
79640.0,0,2.0
79645.0,2,7.0
79650.0,1,4.0
79655.0,5,20.0
79660.0,4,30.0
79665.0,0,9.0
79670.0,1,3.0
79675.0,1,8.0
79680.0,1,3.0
79685.0,6,23.0
79690.0,4,37.0
79695.0,0,16.0
79700.0,0,0.0
79705.0,1,4.0
79710.0,1,1.0
79715.0,5,19.0
79720.0,2,26.0
79725.0,1,5.0
79730.0,2,10.0
79735.0,2,20.0
79740.0,1,1.0
79745.0,3,15.0
79750.0,0,15.0
79755.0,1,5.0
79760.0,2,3.0
79765.0,4,20.0
79770.0,0,18.0
79775.0,2,3.0
79780.0,3,16.0
79785.0,1,8.0
79790.0,4,18.0
79795.0,3,26.0
79800.0,0,7.0
79805.0,1,5.0
79810.0,1,10.0
79815.0,0,0.0
79820.0,2,7.0
79825.0,4,24.0
79830.0,2,21.0
79835.0,2,8.0
79840.0,3,20.0
79845.0,2,13.0
79850.0,7,26.0
79855.0,2,37.0
79860.0,1,15.0
79865.0,1,10.0
79870.0,1,15.0
79875.0,1,1.0
79880.0,4,17.0
79885.0,0,16.0
79890.0,2,9.0
79895.0,2,2.0
79900.0,6,25.0
79905.0,2,33.0
79910.0,2,15.0
79915.0,3,22.0
79920.0,2,13.0
79925.0,6,23.0
79930.0,2,34.0
79935.0,1,16.0
79940.0,1,10.0
79945.0,2,2.0
79950.0,7,22.0
79955.0,6,45.0
79960.0,1,38.0
79965.0,1,15.0
79970.0,2,17.0
79975.0,7,41.0
79980.0,7,60.0
79985.0,0,39.0
79990.0,1,11.0
79995.0,2,11.0
80000.0,6,32.0
80005.0,4,40.0
80010.0,2,22.0
80015.0,3,20.0
80020.0,2,15.0
80025.0,5,23.0
80030.0,3,28.0
80035.0,3,13.0
80040.0,2,12.0
80045.0,7,32.0
80050.0,4,43.0
80055.0,1,23.0
80060.0,3,28.0
80065.0,9,62.0
80070.0,10,84.0
80075.0,7,81.0
80080.0,3,80.0
80085.0,8,93.0
80090.0,10,111.0
80095.0,5,93.0
80100.0,2,52.0
80105.0,4,37.0
80110.0,2,23.0
80115.0,7,35.0
80120.0,6,53.0
80125.0,0,33.0
80130.0,0,5.0
80135.0,2,8.0
80140.0,7,33.0
80145.0,3,38.0
80150.0,1,16.0
80155.0,3,20.0
80160.0,3,34.0
80165.0,1,17.0
80170.0,3,11.0
80175.0,2,19.0
80180.0,0,6.0
80185.0,1,5.0
80190.0,2,12.0
80195.0,1,1.0
80200.0,3,13.0
80205.0,0,13.0
80210.0,0,0.0
80215.0,0,0.0
80220.0,0,0.0
80225.0,0,0.0
80230.0,1,1.0
80235.0,4,16.0
80240.0,1,20.0
80245.0,2,5.0
80250.0,3,18.0
80255.0,1,8.0
80260.0,6,20.0
80265.0,6,41.0
80270.0,3,37.0
80275.0,2,38.0
80280.0,8,57.0
80285.0,10,81.0
80290.0,4,71.0
80295.0,3,48.0
80300.0,1,34.0
80305.0,7,48.0
80310.0,8,66.0
80315.0,4,57.0
80320.0,3,41.0
80325.0,4,43.0
80330.0,1,24.0
80335.0,7,28.0
80340.0,7,51.0
80345.0,3,45.0
80350.0,2,31.0
80355.0,3,36.0
80360.0,1,10.0
80365.0,6,21.0
80370.0,7,41.0
80375.0,2,38.0
80380.0,1,19.0
80385.0,1,12.0
80390.0,0,0.0
80395.0,5,17.0
80400.0,6,41.0
80405.0,4,44.0
80410.0,3,34.0
80415.0,2,25.0
80420.0,8,45.0
80425.0,8,70.0
80430.0,6,68.0
80435.0,4,55.0
80440.0,4,57.0
80445.0,2,39.0
80450.0,6,29.0
80455.0,13,82.0
80460.0,12,122.0
80465.0,8,118.0
80470.0,5,142.0
80475.0,9,176.0
80480.0,15,239.0
80485.0,15,271.0
80490.0,8,233.0
80495.0,4,151.0
80500.0,2,79.0
80505.0,2,73.0
80510.0,6,95.0
80515.0,7,100.0
80520.0,4,66.0
80525.0,4,74.0
80530.0,10,112.0
80535.0,11,126.0
80540.0,7,107.0
80545.0,2,70.0
80550.0,3,56.0
80555.0,1,24.0
80560.0,6,38.0
80565.0,6,54.0
80570.0,2,41.0
80575.0,2,35.0
80580.0,8,61.0
80585.0,9,81.0
80590.0,9,79.0
80595.0,1,74.0
80600.0,7,89.0
80605.0,13,143.0
80610.0,16,183.0
80615.0,14,191.0
80620.0,10,225.0
80625.0,10,277.0
80630.0,7,276.0
80635.0,4,223.0
80640.0,4,151.0
80645.0,4,103.0
80650.0,1,95.0
80655.0,6,106.0
80660.0,6,107.0
80665.0,4,72.0
80670.0,2,39.0
80675.0,2,34.0
80680.0,1,19.0
80685.0,6,35.0
80690.0,9,62.0
80695.0,7,62.0
80700.0,4,69.0
80705.0,5,73.0
80710.0,2,55.0
80715.0,6,46.0
80720.0,8,66.0
80725.0,3,52.0
80730.0,4,41.0
80735.0,3,39.0
80740.0,1,25.0
80745.0,7,35.0
80750.0,7,55.0
80755.0,1,36.0
80760.0,1,12.0
80765.0,2,10.0
80770.0,6,29.0
80775.0,3,35.0
80780.0,3,18.0
80785.0,4,27.0
80790.0,0,17.0
80795.0,1,4.0
80800.0,0,1.0
80805.0,1,3.0
80810.0,1,8.0
80815.0,1,1.0
80820.0,4,16.0
80825.0,2,24.0
80830.0,2,8.0
80835.0,4,16.0
80840.0,9,46.0
80845.0,6,64.0
80850.0,2,47.0
80855.0,5,29.0
80860.0,2,30.0
80865.0,8,37.0
80870.0,8,57.0
80875.0,4,58.0
80880.0,4,42.0
80885.0,5,50.0
80890.0,1,32.0
80895.0,8,28.0
80900.0,8,54.0
80905.0,4,58.0
80910.0,3,54.0
80915.0,9,71.0
80920.0,9,89.0
80925.0,3,69.0
80930.0,2,47.0
80935.0,2,32.0
80940.0,1,4.0
80945.0,6,22.0
80950.0,7,41.0
80955.0,4,35.0
80960.0,3,30.0
80965.0,2,23.0
80970.0,6,27.0
80975.0,7,46.0
80980.0,3,42.0
80985.0,2,28.0
80990.0,4,26.0
80995.0,0,14.0
81000.0,6,26.0
81005.0,6,45.0
81010.0,3,40.0
81015.0,3,30.0
81020.0,2,18.0
81025.0,8,32.0
81030.0,6,51.0
81035.0,2,33.0
81040.0,3,26.0
81045.0,2,12.0
81050.0,9,32.0
81055.0,12,84.0
81060.0,8,112.0
81065.0,1,84.0
81070.0,3,79.0
81075.0,7,103.0
81080.0,8,105.0
81085.0,4,74.0
81090.0,0,28.0
81095.0,0,11.0
81100.0,2,12.0
81105.0,8,37.0
81110.0,5,51.0
81115.0,0,30.0
81120.0,1,6.0
81125.0,2,5.0
81130.0,8,28.0
81135.0,6,49.0
81140.0,1,36.0
81145.0,2,14.0
81150.0,2,11.0
81155.0,8,36.0
81160.0,6,54.0
81165.0,0,37.0
81170.0,3,17.0
81175.0,4,19.0
81180.0,7,40.0
81185.0,8,62.0
81190.0,1,47.0
81195.0,1,19.0
81200.0,3,15.0
81205.0,1,10.0
81210.0,6,25.0
81215.0,5,44.0
81220.0,3,37.0
81225.0,4,33.0
81230.0,3,26.0
81235.0,5,25.0
81240.0,4,34.0
81245.0,2,16.0
81250.0,4,25.0
81255.0,3,17.0
81260.0,4,26.0
81265.0,4,31.0
81270.0,5,24.0
81275.0,3,27.0
81280.0,8,37.0
81285.0,7,62.0
81290.0,1,44.0
81295.0,0,9.0
81300.0,0,0.0
81305.0,1,2.0
81310.0,5,19.0
81315.0,2,25.0
81320.0,1,7.0
81325.0,3,15.0
81330.0,5,37.0
81335.0,1,27.0
81340.0,4,11.0
81345.0,0,11.0
81350.0,0,0.0
81355.0,0,0.0
81360.0,1,1.0
81365.0,1,1.0
81370.0,4,17.0
81375.0,0,16.0
81380.0,0,0.0
81385.0,2,3.0
81390.0,4,20.0
81395.0,1,20.0
81400.0,0,2.0
81405.0,2,4.0
81410.0,0,0.0
81415.0,1,2.0
81420.0,0,0.0
81425.0,1,3.0
81430.0,1,8.0
81435.0,0,0.0
81440.0,4,18.0
81445.0,0,14.0
81450.0,1,4.0
81455.0,1,2.0
81460.0,4,15.0
81465.0,1,15.0
81470.0,0,2.0
81475.0,3,8.0
81480.0,6,31.0
81485.0,0,29.0
81490.0,2,7.0
81495.0,3,8.0
81500.0,6,33.0
81505.0,4,40.0
81510.0,1,15.0
81515.0,1,10.0
81520.0,0,0.0
81525.0,5,16.0
81530.0,0,17.0
81535.0,1,4.0
81540.0,4,20.0
81545.0,1,17.0
81550.0,4,13.0
81555.0,3,21.0
81560.0,4,24.0
81565.0,2,19.0
81570.0,4,21.0
81575.0,2,21.0
81580.0,2,9.0
81585.0,2,9.0
81590.0,7,34.0
81595.0,5,49.0
81600.0,2,32.0
81605.0,3,26.0
81610.0,9,60.0
81615.0,6,71.0
81620.0,1,42.0
81625.0,2,39.0
81630.0,7,61.0
81635.0,9,76.0
81640.0,4,63.0
81645.0,3,62.0
81650.0,7,83.0
81655.0,8,99.0
81660.0,6,70.0
81665.0,3,54.0
81670.0,3,43.0
81675.0,0,24.0
81680.0,6,35.0
81685.0,7,55.0
81690.0,3,47.0
81695.0,1,25.0
81700.0,4,24.0
81705.0,1,14.0
81710.0,6,21.0
81715.0,5,43.0
81720.0,1,27.0
81725.0,3,29.0
81730.0,9,60.0
81735.0,9,83.0
81740.0,3,61.0
81745.0,4,43.0
81750.0,3,42.0
81755.0,8,51.0
81760.0,8,64.0
81765.0,3,56.0
81770.0,5,43.0
81775.0,3,41.0
81780.0,8,49.0
81785.0,8,66.0
81790.0,1,48.0
81795.0,1,23.0
81800.0,3,25.0
81805.0,1,14.0
81810.0,6,20.0
81815.0,4,35.0
81820.0,3,32.0
81825.0,3,29.0
81830.0,1,14.0
81835.0,6,19.0
81840.0,3,30.0
81845.0,0,13.0
81850.0,1,2.0
81855.0,3,15.0
81860.0,1,7.0
81865.0,6,22.0
81870.0,3,32.0
81875.0,2,16.0
81880.0,4,20.0
81885.0,8,51.0
81890.0,6,63.0
81895.0,1,35.0
81900.0,0,11.0
81905.0,3,10.0
81910.0,2,8.0
81915.0,6,27.0
81920.0,2,34.0
81925.0,0,7.0
81930.0,0,0.0
81935.0,3,5.0
81940.0,5,24.0
81945.0,1,26.0
81950.0,3,13.0
81955.0,4,30.0
81960.0,2,24.0
81965.0,4,21.0
81970.0,1,20.0
81975.0,2,12.0
81980.0,3,23.0
81985.0,1,5.0
81990.0,4,16.0
81995.0,3,25.0
82000.0,3,26.0
82005.0,5,35.0
82010.0,5,59.0
82015.0,2,41.0
82020.0,6,27.0
82025.0,6,46.0
82030.0,4,30.0
82035.0,3,27.0
82040.0,9,46.0
82045.0,6,64.0
82050.0,0,32.0
82055.0,2,9.0
82060.0,2,14.0
82065.0,1,5.0
82070.0,5,20.0
82075.0,0,21.0
82080.0,2,2.0
82085.0,4,14.0
82090.0,1,9.0
82095.0,4,14.0
82100.0,0,14.0
82105.0,2,7.0
82110.0,0,1.0
82115.0,3,12.0
82120.0,2,16.0
82125.0,1,4.0
82130.0,1,8.0
82135.0,1,13.0
82140.0,1,1.0
82145.0,4,13.0
82150.0,1,16.0
82155.0,0,1.0
82160.0,1,3.0
82165.0,2,9.0
82170.0,1,1.0
82175.0,3,12.0
82180.0,0,10.0
82185.0,1,2.0
82190.0,1,7.0
82195.0,1,2.0
82200.0,5,20.0
82205.0,1,22.0
82210.0,2,7.0
82215.0,3,18.0
82220.0,3,33.0
82225.0,0,14.0
82230.0,0,0.0
82235.0,3,10.0
82240.0,0,10.0
82245.0,1,2.0
82250.0,0,0.0
82255.0,3,7.0
82260.0,0,7.0
82265.0,0,0.0
82270.0,2,6.0
82275.0,1,4.0
82280.0,6,21.0
82285.0,4,35.0
82290.0,1,10.0
82295.0,2,10.0
82300.0,1,3.0
82305.0,5,15.0
82310.0,4,34.0
82315.0,0,20.0
82320.0,1,4.0
82325.0,1,8.0
82330.0,0,0.0
82335.0,6,16.0
82340.0,2,28.0
82345.0,1,11.0
82350.0,2,12.0
82355.0,1,2.0
82360.0,4,14.0
82365.0,1,14.0
82370.0,1,4.0
82375.0,2,12.0
82380.0,2,4.0
82385.0,4,22.0
82390.0,2,27.0
82395.0,2,9.0
82400.0,3,16.0
82405.0,2,11.0
82410.0,5,22.0
82415.0,4,34.0
82420.0,1,19.0
82425.0,2,13.0
82430.0,1,2.0
82435.0,7,23.0
82440.0,7,49.0
82445.0,2,40.0
82450.0,5,25.0
82455.0,2,20.0
82460.0,7,33.0
82465.0,8,57.0
82470.0,3,50.0
82475.0,3,30.0
82480.0,2,30.0
82485.0,6,43.0
82490.0,4,51.0
82495.0,0,22.0
82500.0,1,3.0
82505.0,2,8.0
82510.0,1,1.0
82515.0,4,12.0
82520.0,1,15.0
82525.0,0,1.0
82530.0,3,7.0
82535.0,1,7.0
82540.0,8,27.0
82545.0,5,49.0
82550.0,2,38.0
82555.0,3,23.0
82560.0,5,43.0
82565.0,3,30.0
82570.0,6,24.0
82575.0,6,40.0
82580.0,4,39.0
82585.0,3,33.0
82590.0,1,26.0
82595.0,6,32.0
82600.0,7,54.0
82605.0,1,41.0
82610.0,2,20.0
82615.0,3,20.0
82620.0,3,14.0
82625.0,7,31.0
82630.0,5,50.0
82635.0,2,34.0
82640.0,4,25.0
82645.0,2,20.0
82650.0,7,31.0
82655.0,7,54.0
82660.0,3,45.0
82665.0,4,33.0
82670.0,5,50.0
82675.0,1,35.0
82680.0,5,19.0
82685.0,2,23.0
82690.0,1,7.0
82695.0,2,14.0
82700.0,0,0.0
82705.0,1,5.0
82710.0,3,15.0
82715.0,6,39.0
82720.0,9,77.0
82725.0,11,126.0
82730.0,16,200.0
82735.0,17,285.0
82740.0,17,370.0
82745.0,19,460.0
82750.0,21,560.0
82755.0,26,677.0
82760.0,29,818.0
82765.0,28,849.0
82770.0,23,767.0
82775.0,16,585.0
82780.0,7,470.0
82785.0,0,386.0
82790.0,5,401.0
82795.0,6,368.0
82800.0,3,257.0
82805.0,1,146.0
82810.0,3,46.0
82815.0,2,41.0
82820.0,7,62.0
82825.0,12,117.0
82830.0,12,126.0
82835.0,9,128.0
82840.0,3,92.0
82845.0,4,74.0
82850.0,2,54.0
82855.0,6,56.0
82860.0,7,66.0
82865.0,1,35.0
82870.0,1,14.0
82875.0,1,10.0
82880.0,2,3.0
82885.0,8,28.0
82890.0,5,50.0
82895.0,0,31.0
82900.0,0,2.0
82905.0,2,4.0
82910.0,6,25.0
82915.0,4,43.0
82920.0,2,23.0
82925.0,2,16.0
82930.0,4,35.0
82935.0,1,16.0
82940.0,7,25.0
82945.0,5,43.0
82950.0,2,21.0
82955.0,3,22.0
82960.0,1,8.0
82965.0,4,13.0
82970.0,2,18.0
82975.0,0,2.0
82980.0,1,4.0
82985.0,7,30.0
82990.0,7,54.0
82995.0,0,40.0
83000.0,1,19.0
83005.0,1,6.0
83010.0,1,3.0
83015.0,6,18.0
83020.0,3,28.0
83025.0,3,18.0
83030.0,1,18.0
83035.0,7,31.0
83040.0,4,43.0
83045.0,1,22.0
83050.0,3,16.0
83055.0,0,8.0
83060.0,3,7.0
83065.0,0,7.0
83070.0,0,0.0
83075.0,2,4.0
83080.0,5,22.0
83085.0,1,25.0
83090.0,0,4.0
83095.0,0,0.0
83100.0,2,2.0
83105.0,5,23.0
83110.0,3,30.0
83115.0,4,18.0
83120.0,2,14.0
83125.0,7,29.0
83130.0,5,45.0
83135.0,1,31.0
83140.0,3,17.0
83145.0,0,11.0
83150.0,6,22.0
83155.0,10,51.0
83160.0,3,54.0
83165.0,3,47.0
83170.0,5,58.0
83175.0,6,84.0
83180.0,2,60.0
83185.0,2,13.0
83190.0,5,23.0
83195.0,4,32.0
83200.0,4,49.0
83205.0,0,26.0
83210.0,6,19.0
83215.0,8,56.0
83220.0,6,76.0
83225.0,1,47.0
83230.0,2,16.0
83235.0,2,11.0
83240.0,8,36.0
83245.0,8,61.0
83250.0,3,56.0
83255.0,2,34.0
83260.0,3,35.0
83265.0,1,9.0
83270.0,6,22.0
83275.0,3,33.0
83280.0,1,12.0
83285.0,2,8.0
83290.0,3,5.0
83295.0,7,32.0
83300.0,5,49.0
83305.0,2,32.0
83310.0,2,18.0
83315.0,2,18.0
83320.0,1,4.0
83325.0,6,23.0
83330.0,3,37.0
83335.0,2,21.0
83340.0,4,28.0
83345.0,2,17.0
83350.0,4,20.0
83355.0,3,25.0
83360.0,3,18.0
83365.0,7,44.0
83370.0,3,41.0
83375.0,5,23.0
83380.0,3,35.0
83385.0,1,12.0
83390.0,2,8.0
83395.0,0,3.0
83400.0,6,19.0
83405.0,4,36.0
83410.0,0,20.0
83415.0,0,2.0
83420.0,1,2.0
83425.0,1,1.0
83430.0,6,23.0
83435.0,3,36.0
83440.0,2,17.0
83445.0,2,16.0
83450.0,2,26.0
83455.0,2,3.0
83460.0,7,26.0
83465.0,4,45.0
83470.0,1,28.0
83475.0,3,17.0
83480.0,3,10.0
83485.0,8,33.0
83490.0,9,62.0
83495.0,4,63.0
83500.0,2,52.0
83505.0,10,69.0
83510.0,5,83.0
83515.0,1,49.0
83520.0,2,17.0
83525.0,2,6.0
83530.0,7,29.0
83535.0,4,46.0
83540.0,2,25.0
83545.0,3,18.0
83550.0,6,40.0
83555.0,1,32.0
83560.0,3,13.0
83565.0,3,18.0
83570.0,5,27.0
83575.0,3,33.0
83580.0,4,30.0
83585.0,6,59.0
83590.0,11,101.0
83595.0,9,112.0
83600.0,1,76.0
83605.0,2,31.0
83610.0,3,20.0
83615.0,3,12.0
83620.0,8,30.0
83625.0,8,54.0
83630.0,4,52.0
83635.0,5,48.0
83640.0,2,40.0
83645.0,9,35.0
83650.0,8,60.0
83655.0,4,58.0
83660.0,1,32.0
83665.0,1,20.0
83670.0,2,6.0
83675.0,8,33.0
83680.0,6,58.0
83685.0,0,36.0
83690.0,2,6.0
83695.0,2,4.0
83700.0,8,33.0
83705.0,4,46.0
83710.0,1,20.0
83715.0,1,7.0
83720.0,3,19.0
83725.0,1,11.0
83730.0,5,15.0
83735.0,8,48.0
83740.0,5,59.0
83745.0,1,29.0
83750.0,2,12.0
83755.0,1,3.0
83760.0,7,25.0
83765.0,4,36.0
83770.0,0,14.0
83775.0,1,5.0
83780.0,2,5.0
83785.0,6,28.0
83790.0,6,44.0
83795.0,2,29.0
83800.0,3,24.0
83805.0,2,13.0
83810.0,8,36.0
83815.0,7,62.0
83820.0,0,39.0
83825.0,2,19.0
83830.0,3,22.0
83835.0,2,8.0
83840.0,5,20.0
83845.0,1,23.0
83850.0,0,2.0
83855.0,0,0.0
83860.0,2,3.0
83865.0,6,22.0
83870.0,4,36.0
83875.0,2,24.0
83880.0,2,18.0
83885.0,0,1.0
83890.0,3,10.0
83895.0,6,36.0
83900.0,9,73.0
83905.0,14,135.0
83910.0,13,169.0
83915.0,7,146.0
83920.0,5,96.0
83925.0,2,74.0
83930.0,2,46.0
83935.0,2,21.0
83940.0,7,44.0
83945.0,7,62.0
83950.0,2,49.0
83955.0,3,46.0
83960.0,7,76.0
83965.0,7,90.0
83970.0,4,59.0
83975.0,2,36.0
83980.0,3,23.0
83985.0,2,14.0
83990.0,9,41.0
83995.0,7,62.0
84000.0,1,50.0
84005.0,3,29.0
84010.0,1,21.0
84015.0,8,43.0
84020.0,8,69.0
84025.0,1,50.0
84030.0,5,29.0
84035.0,2,29.0
84040.0,6,33.0
84045.0,5,46.0
84050.0,1,26.0
84055.0,2,11.0
84060.0,1,1.0
84065.0,5,20.0
84070.0,4,35.0
84075.0,1,15.0
84080.0,1,13.0
84085.0,2,7.0
84090.0,6,25.0
84095.0,4,35.0
84100.0,1,17.0
84105.0,1,10.0
84110.0,3,23.0
84115.0,3,38.0
84120.0,0,11.0
84125.0,3,6.0
84130.0,4,24.0
84135.0,9,56.0
84140.0,7,73.0
84145.0,1,45.0
84150.0,2,17.0
84155.0,2,12.0
84160.0,8,40.0
84165.0,6,54.0
84170.0,0,32.0
84175.0,1,3.0
84180.0,3,11.0
84185.0,2,10.0
84190.0,7,28.0
84195.0,6,44.0
84200.0,3,28.0
84205.0,5,28.0
84210.0,5,51.0
84215.0,0,36.0
84220.0,6,18.0
84225.0,8,44.0
84230.0,8,63.0
84235.0,4,77.0
84240.0,8,83.0
84245.0,8,94.0
84250.0,6,84.0
84255.0,7,65.0
84260.0,6,70.0
84265.0,2,64.0
84270.0,7,53.0
84275.0,14,107.0
84280.0,12,146.0
84285.0,10,142.0
84290.0,3,142.0
84295.0,8,163.0
84300.0,8,172.0
84305.0,6,141.0
84310.0,2,67.0
84315.0,5,47.0
84320.0,1,26.0
84325.0,7,25.0
84330.0,6,44.0
84335.0,1,27.0
84340.0,1,11.0
84345.0,1,15.0
84350.0,0,0.0
84355.0,4,11.0
84360.0,0,13.0
84365.0,0,0.0
84370.0,1,2.0
84375.0,2,2.0
84380.0,5,23.0
84385.0,3,31.0
84390.0,1,15.0
84395.0,3,15.0
84400.0,2,10.0
84405.0,6,27.0
84410.0,3,39.0
84415.0,1,16.0
84420.0,2,9.0
84425.0,3,22.0
84430.0,2,9.0
84435.0,7,25.0
84440.0,4,42.0
84445.0,1,24.0
84450.0,2,11.0
84455.0,2,5.0
84460.0,6,28.0
84465.0,5,40.0
84470.0,0,19.0
84475.0,0,3.0
84480.0,1,1.0
84485.0,1,1.0
84490.0,6,19.0
84495.0,3,31.0
84500.0,1,12.0
84505.0,2,8.0
84510.0,5,25.0
84515.0,9,59.0
84520.0,6,65.0
84525.0,1,36.0
84530.0,1,11.0
84535.0,2,16.0
84540.0,2,2.0
84545.0,7,28.0
84550.0,7,51.0
84555.0,1,38.0
84560.0,1,22.0
84565.0,2,16.0
84570.0,2,3.0
84575.0,8,29.0
84580.0,7,55.0
84585.0,1,45.0
84590.0,3,30.0
84595.0,1,15.0
84600.0,7,34.0
84605.0,6,53.0
84610.0,0,30.0
84615.0,0,6.0
84620.0,0,0.0
84625.0,1,2.0
84630.0,6,20.0
84635.0,3,32.0
84640.0,1,16.0
84645.0,2,12.0
84650.0,2,5.0
84655.0,5,21.0
84660.0,2,28.0
84665.0,1,10.0
84670.0,3,18.0
84675.0,1,14.0
84680.0,5,18.0
84685.0,1,23.0
84690.0,0,0.0
84695.0,2,7.0
84700.0,2,3.0
84705.0,8,29.0
84710.0,5,50.0
84715.0,1,33.0
84720.0,3,17.0
84725.0,3,29.0
84730.0,3,44.0
84735.0,1,17.0
84740.0,4,14.0
84745.0,3,22.0
84750.0,3,20.0
84755.0,3,30.0
84760.0,1,17.0
84765.0,7,25.0
84770.0,9,65.0
84775.0,10,111.0
84780.0,10,161.0
84785.0,6,159.0
84790.0,1,86.0
84795.0,1,10.0
84800.0,2,10.0
84805.0,1,4.0
84810.0,6,23.0
84815.0,8,59.0
84820.0,5,70.0
84825.0,1,35.0
84830.0,1,11.0
84835.0,1,2.0
84840.0,6,24.0
84845.0,4,41.0
84850.0,3,27.0
84855.0,1,25.0
84860.0,9,47.0
84865.0,7,67.0
84870.0,7,65.0
84875.0,4,60.0
84880.0,3,50.0
84885.0,1,29.0
84890.0,6,43.0
84895.0,7,59.0
84900.0,4,49.0
84905.0,0,26.0
84910.0,1,11.0
84915.0,2,10.0
84920.0,7,30.0
84925.0,4,39.0
84930.0,3,26.0
84935.0,3,25.0
84940.0,1,10.0
84945.0,3,12.0
84950.0,1,12.0
84955.0,0,2.0
84960.0,1,4.0
84965.0,2,13.0
84970.0,0,0.0
84975.0,1,2.0
84980.0,0,0.0
84985.0,0,0.0
84990.0,2,5.0
84995.0,5,22.0
85000.0,0,18.0
85005.0,0,0.0
85010.0,1,2.0
85015.0,6,21.0
85020.0,3,32.0
85025.0,0,12.0
85030.0,0,0.0
85035.0,1,2.0
85040.0,2,3.0
85045.0,4,18.0
85050.0,1,18.0
85055.0,3,13.0
85060.0,1,12.0
85065.0,6,21.0
85070.0,3,31.0
85075.0,3,20.0
85080.0,3,16.0
85085.0,7,38.0
85090.0,6,54.0
85095.0,2,36.0
85100.0,3,30.0
85105.0,7,54.0
85110.0,8,67.0
85115.0,4,58.0
85120.0,2,38.0
85125.0,4,36.0
85130.0,2,21.0
85135.0,7,32.0
85140.0,7,50.0
85145.0,7,51.0
85150.0,5,58.0
85155.0,5,64.0
85160.0,1,45.0
85165.0,7,36.0
85170.0,6,54.0
85175.0,3,36.0
85180.0,2,36.0
85185.0,3,30.0
85190.0,0,17.0
85195.0,6,32.0
85200.0,8,54.0
85205.0,4,47.0
85210.0,5,59.0
85215.0,10,96.0
85220.0,9,116.0
85225.0,9,109.0
85230.0,7,137.0
85235.0,9,167.0
85240.0,10,174.0
85245.0,8,142.0
85250.0,10,116.0
85255.0,4,133.0
85260.0,7,136.0
85265.0,7,141.0
85270.0,5,97.0
85275.0,2,92.0
85280.0,7,111.0
85285.0,7,115.0
85290.0,4,88.0
85295.0,4,54.0
85300.0,6,51.0
85305.0,2,42.0
85310.0,8,38.0
85315.0,7,63.0
85320.0,7,72.0
85325.0,4,59.0
85330.0,5,64.0
85335.0,0,48.0
85340.0,6,38.0
85345.0,9,68.0
85350.0,5,63.0
85355.0,3,51.0
85360.0,3,38.0
85365.0,7,44.0
85370.0,8,61.0
85375.0,2,49.0
85380.0,5,40.0
85385.0,2,35.0
85390.0,9,42.0
85395.0,14,99.0
85400.0,11,131.0
85405.0,5,115.0
85410.0,2,70.0
85415.0,3,39.0
85420.0,2,12.0
85425.0,6,32.0
85430.0,2,36.0
85435.0,1,9.0
85440.0,2,14.0
85445.0,0,1.0
85450.0,4,16.0
85455.0,2,19.0
85460.0,1,5.0
85465.0,1,7.0
85470.0,3,15.0
85475.0,1,5.0
85480.0,4,13.0
85485.0,3,23.0
85490.0,1,9.0
85495.0,3,12.0
85500.0,1,6.0
85505.0,8,28.0
85510.0,7,56.0
85515.0,2,49.0
85520.0,0,22.0
85525.0,0,4.0
85530.0,0,1.0
85535.0,1,3.0
85540.0,0,0.0
85545.0,7,20.0
85550.0,2,32.0
85555.0,1,12.0
85560.0,2,12.0
85565.0,2,22.0
85570.0,0,2.0
85575.0,3,8.0
85580.0,2,16.0
85585.0,2,5.0
85590.0,3,16.0
85595.0,1,8.0
85600.0,2,12.0
85605.0,0,7.0
85610.0,0,0.0
85615.0,1,1.0
85620.0,3,12.0
85625.0,0,12.0
85630.0,0,0.0
85635.0,1,2.0
85640.0,0,0.0
85645.0,3,11.0
85650.0,1,13.0
85655.0,1,3.0
85660.0,2,10.0
85665.0,2,3.0
85670.0,6,28.0
85675.0,4,37.0
85680.0,1,16.0
85685.0,1,11.0
85690.0,2,3.0
85695.0,7,30.0
85700.0,6,55.0
85705.0,2,43.0
85710.0,4,28.0
85715.0,1,23.0
85720.0,7,31.0
85725.0,6,47.0
85730.0,3,36.0
85735.0,1,22.0
85740.0,1,15.0
85745.0,1,3.0
85750.0,6,23.0
85755.0,6,45.0
85760.0,5,48.0
85765.0,4,46.0
85770.0,2,41.0
85775.0,8,54.0
85780.0,7,72.0
85785.0,6,63.0
85790.0,3,47.0
85795.0,2,45.0
85800.0,8,68.0
85805.0,9,92.0
85810.0,1,69.0
85815.0,2,28.0
85820.0,3,28.0
85825.0,1,9.0
85830.0,6,21.0
85835.0,5,42.0
85840.0,1,29.0
85845.0,1,13.0
85850.0,1,10.0
85855.0,2,14.0
85860.0,1,3.0
85865.0,6,20.0
85870.0,2,31.0
85875.0,0,8.0
85880.0,1,4.0
85885.0,0,0.0
85890.0,4,15.0
85895.0,0,13.0
85900.0,0,0.0
85905.0,1,4.0
85910.0,0,0.0
85915.0,1,1.0
85920.0,0,0.0
85925.0,0,0.0
85930.0,3,6.0
85935.0,3,21.0
85940.0,0,11.0
85945.0,1,3.0
85950.0,3,14.0
85955.0,2,12.0
85960.0,7,28.0
85965.0,4,41.0
85970.0,0,9.0
85975.0,0,0.0
85980.0,2,3.0
85985.0,6,27.0
85990.0,4,43.0
85995.0,0,19.0
86000.0,1,4.0
86005.0,1,2.0
86010.0,6,25.0
86015.0,1,30.0
86020.0,1,5.0
86025.0,2,10.0
86030.0,1,1.0
86035.0,6,22.0
86040.0,3,31.0
86045.0,2,11.0
86050.0,3,11.0
86055.0,6,27.0
86060.0,6,43.0
86065.0,1,31.0
86070.0,3,17.0
86075.0,2,11.0
86080.0,7,28.0
86085.0,7,55.0
86090.0,3,50.0
86095.0,3,28.0
86100.0,3,17.0
86105.0,7,39.0
86110.0,8,75.0
86115.0,9,120.0
86120.0,4,115.0
86125.0,1,47.0
86130.0,2,13.0
86135.0,1,8.0
86140.0,5,24.0
86145.0,3,34.0
86150.0,1,13.0
86155.0,3,11.0
86160.0,1,6.0
86165.0,6,23.0
86170.0,5,43.0
86175.0,1,24.0
86180.0,1,8.0
86185.0,2,14.0
86190.0,0,0.0
86195.0,2,3.0
86200.0,0,6.0
86205.0,1,5.0
86210.0,3,17.0
86215.0,1,11.0
86220.0,3,11.0
86225.0,0,9.0
86230.0,1,5.0
86235.0,1,1.0
86240.0,3,12.0
86245.0,1,16.0
86250.0,1,3.0
86255.0,1,7.0
86260.0,1,2.0
86265.0,2,7.0
86270.0,0,3.0
86275.0,1,1.0
86280.0,2,9.0
86285.0,0,0.0
86290.0,1,2.0
86295.0,1,5.0
86300.0,4,15.0
86305.0,3,20.0
86310.0,7,31.0
86315.0,8,62.0
86320.0,5,64.0
86325.0,4,51.0
86330.0,2,44.0
86335.0,8,46.0
86340.0,8,63.0
86345.0,2,50.0
86350.0,2,26.0
86355.0,3,27.0
86360.0,0,7.0
86365.0,3,9.0
86370.0,0,11.0
86375.0,1,4.0
86380.0,2,14.0
86385.0,0,0.0
86390.0,2,4.0
86395.0,4,22.0
86400.0,8,55.0
86405.0,9,99.0
86410.0,5,103.0
86415.0,0,46.0
86420.0,2,8.0
86425.0,2,16.0
86430.0,1,1.0
86435.0,3,11.0
86440.0,0,6.0
86445.0,1,1.0
86450.0,2,7.0
86455.0,0,2.0
86460.0,3,8.0
86465.0,1,12.0
86470.0,2,10.0
86475.0,2,17.0
86480.0,2,2.0
86485.0,6,24.0
86490.0,3,38.0
86495.0,2,18.0
86500.0,3,17.0
86505.0,2,12.0
86510.0,8,28.0
86515.0,4,46.0
86520.0,0,20.0
86525.0,1,5.0
86530.0,1,1.0
86535.0,6,20.0
86540.0,5,38.0
86545.0,0,27.0
86550.0,1,10.0
86555.0,4,18.0
86560.0,2,19.0
86565.0,5,22.0
86570.0,3,33.0
86575.0,3,20.0
86580.0,1,10.0
86585.0,8,32.0
86590.0,13,88.0
86595.0,11,124.0
86600.0,6,115.0
86605.0,2,65.0
86610.0,2,43.0
86615.0,0,12.0
86620.0,6,30.0
86625.0,7,47.0
86630.0,5,48.0
86635.0,2,51.0
86640.0,8,74.0
86645.0,8,93.0
86650.0,6,84.0
86655.0,7,114.0
86660.0,8,154.0
86665.0,9,166.0
86670.0,6,138.0
86675.0,3,104.0
86680.0,1,79.0
86685.0,0,35.0
86690.0,0,23.0
86695.0,5,35.0
86700.0,5,45.0
86705.0,0,24.0
86710.0,1,7.0
86715.0,1,7.0
86720.0,1,2.0
86725.0,7,24.0
86730.0,7,46.0
86735.0,1,38.0
86740.0,1,16.0
86745.0,2,15.0
86750.0,7,42.0
86755.0,8,62.0
86760.0,3,45.0
86765.0,4,36.0
86770.0,1,22.0
86775.0,8,29.0
86780.0,7,55.0
86785.0,1,45.0
86790.0,1,14.0
86795.0,3,13.0
86800.0,1,5.0
86805.0,7,25.0
86810.0,4,45.0
86815.0,1,25.0
86820.0,3,15.0
86825.0,3,30.0
86830.0,2,12.0
86835.0,7,25.0
86840.0,1,32.0
86845.0,1,9.0
86850.0,2,9.0
86855.0,1,1.0
86860.0,4,15.0
86865.0,0,13.0
86870.0,0,0.0
86875.0,1,2.0
86880.0,1,7.0
86885.0,0,0.0
86890.0,3,11.0
86895.0,2,17.0
86900.0,2,9.0
86905.0,2,17.0
86910.0,1,4.0
86915.0,1,6.0
86920.0,0,3.0
86925.0,0,0.0
86930.0,1,2.0
86935.0,5,24.0
86940.0,1,29.0
86945.0,0,5.0
86950.0,0,0.0
86955.0,1,1.0
86960.0,1,3.0
86965.0,3,12.0
86970.0,1,9.0
86975.0,1,6.0
86980.0,3,19.0
86985.0,1,13.0
86990.0,6,23.0
86995.0,6,44.0
87000.0,2,41.0
87005.0,3,31.0
87010.0,2,21.0
87015.0,7,33.0
87020.0,4,44.0
87025.0,0,20.0
87030.0,2,19.0
87035.0,8,50.0
87040.0,15,109.0
87045.0,19,195.0
87050.0,18,239.0
87055.0,11,217.0
87060.0,6,185.0
87065.0,1,111.0
87070.0,2,98.0
87075.0,6,119.0
87080.0,5,117.0
87085.0,3,75.0
87090.0,2,31.0
87095.0,2,26.0
87100.0,8,54.0
87105.0,8,78.0
87110.0,8,79.0
87115.0,3,85.0
87120.0,9,104.0
87125.0,10,121.0
87130.0,6,95.0
87135.0,4,103.0
87140.0,7,127.0
87145.0,6,130.0
87150.0,3,99.0
87155.0,5,111.0
87160.0,9,147.0
87165.0,10,157.0
87170.0,7,128.0
87175.0,6,102.0
87180.0,5,92.0
87185.0,1,68.0
87190.0,7,86.0
87195.0,5,95.0
87200.0,2,70.0
87205.0,2,36.0
87210.0,2,22.0
87215.0,2,7.0
87220.0,6,28.0
87225.0,6,46.0
87230.0,2,42.0
87235.0,2,41.0
87240.0,6,63.0
87245.0,7,79.0
87250.0,5,61.0
87255.0,2,45.0
87260.0,2,38.0
87265.0,2,13.0
87270.0,7,39.0
87275.0,7,56.0
87280.0,3,47.0
87285.0,0,23.0
87290.0,1,12.0
87295.0,1,4.0
87300.0,7,25.0
87305.0,5,41.0
87310.0,2,32.0
87315.0,4,23.0
87320.0,2,19.0
87325.0,8,33.0
87330.0,6,51.0
87335.0,2,39.0
87340.0,2,27.0
87345.0,2,9.0
87350.0,6,26.0
87355.0,2,32.0
87360.0,1,8.0
87365.0,4,16.0
87370.0,1,16.0
87375.0,5,22.0
87380.0,2,27.0
87385.0,1,8.0
87390.0,1,7.0
87395.0,2,13.0
87400.0,0,1.0
87405.0,5,18.0
87410.0,3,31.0
87415.0,0,11.0
87420.0,1,3.0
87425.0,2,3.0
87430.0,6,27.0
87435.0,5,39.0
87440.0,1,17.0
87445.0,1,13.0
87450.0,6,31.0
87455.0,13,82.0
87460.0,10,111.0
87465.0,4,98.0
87470.0,4,63.0
87475.0,2,54.0
87480.0,9,62.0
87485.0,7,75.0
87490.0,3,52.0
87495.0,3,29.0
87500.0,4,23.0
87505.0,8,51.0
87510.0,7,70.0
87515.0,2,41.0
87520.0,1,17.0
87525.0,1,14.0
87530.0,2,20.0
87535.0,2,6.0
87540.0,6,22.0
87545.0,4,35.0
87550.0,1,15.0
87555.0,1,11.0
87560.0,2,18.0
87565.0,0,0.0
87570.0,1,4.0
87575.0,0,0.0
87580.0,0,0.0
87585.0,1,4.0
87590.0,0,0.0
87595.0,4,13.0
87600.0,3,21.0
87605.0,1,11.0
87610.0,1,11.0
87615.0,1,2.0
87620.0,6,22.0
87625.0,3,29.0
87630.0,3,17.0
87635.0,4,30.0
87640.0,0,22.0
87645.0,6,24.0
87650.0,4,40.0
87655.0,2,23.0
87660.0,3,23.0
87665.0,1,10.0
87670.0,4,18.0
87675.0,2,24.0
87680.0,1,4.0
87685.0,2,9.0
87690.0,1,5.0
87695.0,5,21.0
87700.0,2,32.0
87705.0,2,16.0
87710.0,2,18.0
87715.0,2,28.0
87720.0,0,0.0
87725.0,3,6.0
87730.0,1,12.0
87735.0,3,9.0
87740.0,3,23.0
87745.0,4,41.0
87750.0,1,26.0
87755.0,4,14.0
87760.0,1,18.0
87765.0,1,4.0
87770.0,3,10.0
87775.0,2,9.0
87780.0,7,26.0
87785.0,2,37.0
87790.0,0,12.0
87795.0,1,4.0
87800.0,2,5.0
87805.0,6,25.0
87810.0,3,36.0
87815.0,1,11.0
87820.0,1,8.0
87825.0,1,2.0
87830.0,4,16.0
87835.0,2,22.0
87840.0,3,19.0
87845.0,2,17.0
87850.0,8,44.0
87855.0,7,63.0
87860.0,1,47.0
87865.0,3,24.0
87870.0,2,19.0
87875.0,7,37.0
87880.0,4,49.0
87885.0,4,36.0
87890.0,5,34.0
87895.0,3,31.0
87900.0,8,33.0
87905.0,10,68.0
87910.0,9,89.0
87915.0,7,90.0
87920.0,7,108.0
87925.0,3,95.0
87930.0,7,45.0
87935.0,7,47.0
87940.0,3,39.0
87945.0,1,26.0
87950.0,6,39.0
87955.0,3,46.0
87960.0,2,17.0
87965.0,2,17.0
87970.0,2,7.0
87975.0,4,19.0
87980.0,4,25.0
87985.0,1,11.0
87990.0,3,13.0
87995.0,0,8.0
88000.0,6,16.0
88005.0,2,27.0
88010.0,2,9.0
88015.0,3,16.0
88020.0,0,9.0
88025.0,2,6.0
88030.0,1,5.0
88035.0,2,10.0
88040.0,3,25.0
88045.0,4,44.0
88050.0,1,26.0
88055.0,6,22.0
88060.0,2,28.0
88065.0,1,7.0
88070.0,3,10.0
88075.0,2,7.0
88080.0,3,16.0
88085.0,0,10.0
88090.0,1,3.0
88095.0,1,8.0
88100.0,2,17.0
88105.0,1,1.0
88110.0,5,18.0
88115.0,3,30.0
88120.0,0,10.0
88125.0,2,8.0
88130.0,2,4.0
88135.0,6,25.0
88140.0,2,32.0
88145.0,3,9.0
88150.0,4,24.0
88155.0,4,44.0
88160.0,1,26.0
88165.0,4,11.0
88170.0,0,8.0
88175.0,2,6.0
88180.0,3,18.0
88185.0,3,33.0
88190.0,1,12.0
88195.0,4,15.0
88200.0,3,22.0
88205.0,2,17.0
88210.0,2,23.0
88215.0,4,37.0
88220.0,1,14.0
88225.0,6,23.0
88230.0,6,41.0
88235.0,1,33.0
88240.0,2,18.0
88245.0,2,22.0
88250.0,2,2.0
88255.0,6,24.0
88260.0,4,43.0
88265.0,2,23.0
88270.0,1,14.0
88275.0,6,29.0
88280.0,1,26.0
88285.0,0,3.0
88290.0,0,0.0
88295.0,0,0.0
88300.0,3,11.0
88305.0,0,11.0
88310.0,1,1.0
88315.0,2,7.0
88320.0,6,26.0
88325.0,4,33.0
88330.0,0,17.0
88335.0,0,1.0
88340.0,2,3.0
88345.0,7,28.0
88350.0,7,54.0
88355.0,2,36.0
88360.0,4,26.0
88365.0,2,17.0
88370.0,7,31.0
88375.0,7,52.0
88380.0,5,57.0
88385.0,4,48.0
88390.0,4,50.0
88395.0,1,33.0
88400.0,7,31.0
88405.0,6,50.0
88410.0,0,33.0
88415.0,0,6.0
88420.0,0,0.0
88425.0,0,0.0
88430.0,7,19.0
88435.0,2,31.0
88440.0,0,10.0
88445.0,1,5.0
88450.0,2,4.0
88455.0,7,30.0
88460.0,3,40.0
88465.0,3,24.0
88470.0,4,28.0
88475.0,3,21.0
88480.0,8,35.0
88485.0,9,64.0
88490.0,6,66.0
88495.0,6,57.0
88500.0,2,52.0
88505.0,7,41.0
88510.0,10,65.0
88515.0,7,65.0
88520.0,5,73.0
88525.0,5,76.0
88530.0,1,53.0
88535.0,6,31.0
88540.0,6,45.0
88545.0,3,37.0
88550.0,1,22.0
88555.0,1,13.0
88560.0,8,39.0
88565.0,8,60.0
88570.0,3,52.0
88575.0,4,61.0
88580.0,10,98.0
88585.0,10,121.0
88590.0,9,103.0
88595.0,8,95.0
88600.0,8,105.0
88605.0,4,103.0
88610.0,7,80.0
88615.0,10,101.0
88620.0,8,101.0
88625.0,4,104.0
88630.0,7,108.0
88635.0,7,116.0
88640.0,5,79.0
88645.0,4,88.0
88650.0,6,115.0
88655.0,7,123.0
88660.0,5,102.0
88665.0,5,107.0
88670.0,9,137.0
88675.0,8,143.0
88680.0,8,106.0
88685.0,7,100.0
88690.0,3,99.0
88695.0,7,116.0
88700.0,8,128.0
88705.0,7,114.0
88710.0,6,116.0
88715.0,8,142.0
88720.0,8,150.0
88725.0,5,121.0
88730.0,3,73.0
88735.0,2,80.0
88740.0,8,105.0
88745.0,8,114.0
88750.0,6,96.0
88755.0,4,71.0
88760.0,2,54.0
88765.0,2,50.0
88770.0,1,7.0
88775.0,6,27.0
88780.0,6,43.0
88785.0,5,45.0
88790.0,4,48.0
88795.0,1,33.0
88800.0,7,44.0
88805.0,7,66.0
88810.0,3,57.0
88815.0,1,27.0
88820.0,2,12.0
88825.0,0,1.0
88830.0,6,20.0
88835.0,5,41.0
88840.0,2,28.0
88845.0,3,20.0
88850.0,4,34.0
88855.0,3,21.0
88860.0,6,25.0
88865.0,11,72.0
88870.0,6,89.0
88875.0,2,59.0
88880.0,2,18.0
88885.0,3,29.0
88890.0,0,11.0
88895.0,6,19.0
88900.0,7,45.0
88905.0,4,44.0
88910.0,4,43.0
88915.0,2,26.0
88920.0,7,30.0
88925.0,7,56.0
88930.0,6,55.0
88935.0,3,49.0
88940.0,4,48.0
88945.0,1,30.0
88950.0,7,25.0
88955.0,6,45.0
88960.0,2,42.0
88965.0,2,27.0
88970.0,2,16.0
88975.0,7,36.0
88980.0,6,55.0
88985.0,0,35.0
88990.0,1,7.0
88995.0,1,7.0
89000.0,2,3.0
89005.0,4,18.0
89010.0,2,24.0
89015.0,2,8.0
89020.0,2,12.0
89025.0,8,34.0
89030.0,7,58.0
89035.0,2,48.0
89040.0,3,30.0
89045.0,2,13.0
89050.0,8,35.0
89055.0,3,47.0
89060.0,0,21.0
89065.0,0,0.0
89070.0,1,2.0
89075.0,3,14.0
89080.0,2,15.0
89085.0,2,10.0
89090.0,0,0.0
89095.0,1,4.0
89100.0,0,1.0
89105.0,3,9.0
89110.0,1,6.0
89115.0,4,12.0
89120.0,1,15.0
89125.0,1,3.0
89130.0,2,11.0
89135.0,3,23.0
89140.0,2,9.0
89145.0,6,25.0
89150.0,6,45.0
89155.0,0,20.0
89160.0,1,6.0
89165.0,1,10.0
89170.0,2,3.0
89175.0,3,16.0
89180.0,6,41.0
89185.0,4,48.0
89190.0,0,19.0
89195.0,1,1.0
89200.0,1,6.0
89205.0,0,0.0
89210.0,1,2.0
89215.0,0,3.0
89220.0,3,9.0
89225.0,3,24.0
89230.0,0,9.0
89235.0,1,4.0
89240.0,1,3.0
89245.0,2,12.0
89250.0,3,27.0
89255.0,0,8.0
89260.0,0,0.0
89265.0,0,0.0
89270.0,0,0.0
89275.0,0,2.0
89280.0,3,9.0
89285.0,0,9.0
89290.0,2,7.0
89295.0,4,23.0
89300.0,2,21.0
89305.0,4,16.0
89310.0,0,11.0
89315.0,3,13.0
89320.0,0,11.0
89325.0,4,15.0
89330.0,0,12.0
89335.0,1,4.0
89340.0,3,13.0
89345.0,2,9.0
89350.0,4,18.0
89355.0,1,18.0
89360.0,2,4.0
89365.0,4,18.0
89370.0,1,13.0
89375.0,3,12.0
89380.0,0,5.0
89385.0,1,1.0
89390.0,1,1.0
89395.0,4,13.0
89400.0,0,10.0
89405.0,0,0.0
89410.0,2,10.0
89415.0,2,20.0
89420.0,1,1.0
89425.0,4,15.0
89430.0,1,20.0
89435.0,0,2.0
89440.0,2,6.0
89445.0,1,11.0
89450.0,4,19.0
89455.0,1,19.0
89460.0,1,3.0
89465.0,1,8.0
89470.0,0,2.0
89475.0,3,12.0
89480.0,2,14.0
89485.0,1,9.0
89490.0,2,18.0
89495.0,3,4.0
89500.0,5,27.0
89505.0,6,53.0
89510.0,0,44.0
89515.0,0,0.0
89520.0,1,4.0
89525.0,1,2.0
89530.0,3,14.0
89535.0,0,12.0
89540.0,0,0.0
89545.0,0,0.0
89550.0,0,0.0
89555.0,1,4.0
89560.0,1,2.0
89565.0,1,6.0
89570.0,3,14.0
89575.0,0,4.0
89580.0,3,11.0
89585.0,0,6.0
89590.0,3,7.0
89595.0,0,4.0
89600.0,4,14.0
89605.0,1,14.0
89610.0,2,12.0
89615.0,1,1.0
89620.0,4,14.0
89625.0,1,17.0
89630.0,1,4.0
89635.0,1,7.0
89640.0,2,3.0
89645.0,6,25.0
89650.0,3,32.0
89655.0,2,17.0
89660.0,5,23.0
89665.0,1,19.0
89670.0,4,19.0
89675.0,7,48.0
89680.0,7,61.0
89685.0,2,40.0
89690.0,3,40.0
89695.0,9,70.0
89700.0,10,94.0
89705.0,6,81.0
89710.0,2,49.0
89715.0,2,39.0
89720.0,0,11.0
89725.0,6,28.0
89730.0,6,46.0
89735.0,3,43.0
89740.0,4,36.0
89745.0,3,38.0
89750.0,7,36.0
89755.0,10,60.0
89760.0,6,70.0
89765.0,3,63.0
89770.0,4,61.0
89775.0,1,35.0
89780.0,7,28.0
89785.0,8,45.0
89790.0,5,51.0
89795.0,2,42.0
89800.0,8,60.0
89805.0,8,78.0
89810.0,6,69.0
89815.0,2,45.0
89820.0,3,40.0
89825.0,1,19.0
89830.0,7,33.0
89835.0,7,51.0
89840.0,2,42.0
89845.0,2,28.0
89850.0,2,21.0
89855.0,8,48.0
89860.0,6,63.0
89865.0,1,36.0
89870.0,3,19.0
89875.0,6,34.0
89880.0,1,28.0
89885.0,4,19.0
89890.0,2,22.0
89895.0,2,13.0
89900.0,1,7.0
89905.0,6,24.0
89910.0,3,39.0
89915.0,2,21.0
89920.0,4,22.0
89925.0,1,23.0
89930.0,8,27.0
89935.0,7,50.0
89940.0,2,43.0
89945.0,3,30.0
89950.0,1,16.0
89955.0,7,28.0
89960.0,5,46.0
89965.0,2,37.0
89970.0,4,27.0
89975.0,2,23.0
89980.0,7,31.0
89985.0,6,51.0
89990.0,1,36.0
89995.0,1,14.0
90000.0,1,11.0
90005.0,1,1.0
90010.0,5,16.0
90015.0,3,29.0
90020.0,1,14.0
90025.0,2,10.0
90030.0,4,23.0
90035.0,1,16.0
90040.0,4,19.0
90045.0,4,33.0
90050.0,3,22.0
90055.0,2,15.0
90060.0,7,35.0
90065.0,8,59.0
90070.0,4,57.0
90075.0,4,53.0
90080.0,7,65.0
90085.0,2,50.0
90090.0,7,30.0
90095.0,8,48.0
90100.0,5,60.0
90105.0,7,64.0
90110.0,4,66.0
90115.0,8,50.0
90120.0,10,87.0
90125.0,12,144.0
90130.0,9,158.0
90135.0,5,116.0
90140.0,2,52.0
90145.0,3,45.0
90150.0,0,16.0
90155.0,6,28.0
90160.0,6,44.0
90165.0,1,36.0
90170.0,2,21.0
90175.0,3,23.0
90180.0,2,8.0
90185.0,6,29.0
90190.0,1,34.0
90195.0,2,9.0
90200.0,4,17.0
90205.0,6,40.0
90210.0,2,42.0
90215.0,1,10.0
90220.0,4,15.0
90225.0,2,23.0
90230.0,6,26.0
90235.0,4,44.0
90240.0,4,33.0
90245.0,4,32.0
90250.0,10,59.0
90255.0,9,84.0
90260.0,1,62.0
90265.0,0,28.0
90270.0,2,15.0
90275.0,0,1.0
90280.0,6,18.0
90285.0,6,43.0
90290.0,3,41.0
90295.0,1,17.0
90300.0,2,12.0
90305.0,1,2.0
90310.0,6,21.0
90315.0,6,42.0
90320.0,2,40.0
90325.0,1,23.0
90330.0,1,13.0
90335.0,6,36.0
90340.0,6,55.0
90345.0,0,29.0
90350.0,2,4.0
90355.0,2,4.0
90360.0,5,25.0
90365.0,4,32.0
90370.0,2,20.0
90375.0,3,24.0
90380.0,2,15.0
90385.0,6,28.0
90390.0,4,43.0
90395.0,2,24.0
90400.0,3,22.0
90405.0,1,9.0
90410.0,7,26.0
90415.0,6,51.0
90420.0,2,40.0
90425.0,3,24.0
90430.0,3,17.0
90435.0,8,42.0
90440.0,8,64.0
90445.0,4,51.0
90450.0,4,45.0
90455.0,8,61.0
90460.0,10,83.0
90465.0,11,93.0
90470.0,7,119.0
90475.0,10,135.0
90480.0,10,154.0
90485.0,9,138.0
90490.0,7,104.0
90495.0,5,95.0
90500.0,1,70.0
90505.0,7,62.0
90510.0,6,73.0
90515.0,4,63.0
90520.0,1,65.0
90525.0,8,89.0
90530.0,9,105.0
90535.0,6,93.0
90540.0,4,63.0
90545.0,3,64.0
90550.0,7,90.0
90555.0,8,98.0
90560.0,9,90.0
90565.0,4,104.0
90570.0,7,114.0
90575.0,9,123.0
90580.0,5,87.0
90585.0,4,66.0
90590.0,5,57.0
90595.0,1,48.0
90600.0,6,40.0
90605.0,6,58.0
90610.0,6,57.0
90615.0,4,51.0
90620.0,3,48.0
90625.0,7,49.0
90630.0,8,73.0
90635.0,7,71.0
90640.0,6,73.0
90645.0,3,66.0
90650.0,8,84.0
90655.0,9,103.0
90660.0,6,95.0
90665.0,4,64.0
90670.0,1,36.0
90675.0,2,25.0
90680.0,0,9.0
90685.0,6,30.0
90690.0,8,54.0
90695.0,4,58.0
90700.0,2,43.0
90705.0,2,34.0
90710.0,1,8.0
90715.0,7,28.0
90720.0,7,48.0
90725.0,4,44.0
90730.0,2,34.0
90735.0,3,27.0
90740.0,2,10.0
90745.0,8,31.0
90750.0,8,60.0
90755.0,1,48.0
90760.0,1,19.0
90765.0,2,17.0
90770.0,1,2.0
90775.0,6,23.0
90780.0,3,37.0
90785.0,0,14.0
90790.0,2,8.0
90795.0,5,24.0
90800.0,0,17.0
90805.0,4,13.0
90810.0,0,13.0
90815.0,0,0.0
90820.0,2,4.0
90825.0,1,1.0
90830.0,5,21.0
90835.0,0,22.0
90840.0,2,7.0
90845.0,1,2.0
90850.0,4,14.0
90855.0,2,16.0
90860.0,3,12.0
90865.0,2,7.0
90870.0,5,19.0
90875.0,2,25.0
90880.0,0,5.0
90885.0,1,1.0
90890.0,1,6.0
90895.0,1,11.0
90900.0,0,0.0
90905.0,1,4.0
90910.0,0,1.0
90915.0,0,0.0
90920.0,0,0.0
90925.0,3,10.0
90930.0,0,10.0
90935.0,1,2.0
90940.0,1,7.0
90945.0,2,3.0
90950.0,5,21.0
90955.0,2,23.0
90960.0,0,2.0
90965.0,1,2.0
90970.0,6,24.0
90975.0,8,50.0
90980.0,5,54.0
90985.0,2,39.0
90990.0,2,35.0
90995.0,7,59.0
91000.0,8,79.0
91005.0,4,61.0
91010.0,1,28.0
91015.0,2,23.0
91020.0,0,5.0
91025.0,6,23.0
91030.0,6,40.0
91035.0,4,37.0
91040.0,2,30.0
91045.0,2,28.0
91050.0,3,37.0
91055.0,2,6.0
91060.0,6,24.0
91065.0,4,36.0
91070.0,2,21.0
91075.0,3,22.0
91080.0,2,15.0
91085.0,9,32.0
91090.0,8,62.0
91095.0,4,58.0
91100.0,1,53.0
91105.0,6,75.0
91110.0,7,86.0
91115.0,2,64.0
91120.0,3,32.0
91125.0,1,25.0
91130.0,9,42.0
91135.0,8,64.0
91140.0,3,53.0
91145.0,2,31.0
91150.0,2,25.0
91155.0,2,7.0
91160.0,5,20.0
91165.0,3,29.0
91170.0,1,14.0
91175.0,1,7.0
91180.0,1,12.0
91185.0,2,3.0
91190.0,7,27.0
91195.0,6,46.0
91200.0,3,43.0
91205.0,3,49.0
91210.0,10,78.0
91215.0,15,141.0
91220.0,14,180.0
91225.0,7,164.0
91230.0,3,153.0
91235.0,7,176.0
91240.0,6,167.0
91245.0,5,126.0
91250.0,3,83.0
91255.0,5,59.0
91260.0,2,42.0
91265.0,9,51.0
91270.0,9,76.0
91275.0,3,68.0
91280.0,2,41.0
91285.0,2,31.0
91290.0,1,6.0
91295.0,7,26.0
91300.0,6,50.0
91305.0,0,29.0
91310.0,0,4.0
91315.0,0,0.0
91320.0,0,0.0
91325.0,5,11.0
91330.0,7,44.0
91335.0,2,48.0
91340.0,0,10.0
91345.0,1,1.0
91350.0,2,3.0
91355.0,4,21.0
91360.0,3,24.0
91365.0,0,6.0
91370.0,1,5.0
91375.0,2,2.0
91380.0,4,19.0
91385.0,1,21.0
91390.0,1,6.0
91395.0,2,12.0
91400.0,1,2.0
91405.0,4,15.0
91410.0,8,48.0
91415.0,7,66.0
91420.0,0,39.0
91425.0,2,39.0
91430.0,9,71.0
91435.0,9,87.0
91440.0,6,74.0
91445.0,2,64.0
91450.0,6,82.0
91455.0,6,87.0
91460.0,4,67.0
91465.0,1,37.0
91470.0,3,32.0
91475.0,1,22.0
91480.0,7,37.0
91485.0,6,58.0
91490.0,5,49.0
91495.0,3,36.0
91500.0,3,33.0
91505.0,1,21.0
91510.0,8,36.0
91515.0,8,59.0
91520.0,4,61.0
91525.0,3,48.0
91530.0,5,50.0
91535.0,0,39.0
91540.0,7,35.0
91545.0,7,55.0
91550.0,2,37.0
91555.0,1,19.0
91560.0,2,11.0
91565.0,2,4.0
91570.0,6,26.0
91575.0,7,47.0
91580.0,5,45.0
91585.0,1,32.0
91590.0,2,24.0
91595.0,1,14.0
91600.0,6,28.0
91605.0,6,48.0
91610.0,5,46.0
91615.0,1,26.0
91620.0,3,27.0
91625.0,1,11.0
91630.0,7,26.0
91635.0,5,42.0
91640.0,1,29.0
91645.0,2,19.0
91650.0,5,35.0
91655.0,3,29.0
91660.0,5,28.0
91665.0,3,35.0
91670.0,5,25.0
91675.0,7,51.0
91680.0,3,51.0
91685.0,6,33.0
91690.0,4,42.0
91695.0,3,26.0
91700.0,1,10.0
91705.0,6,21.0
91710.0,3,35.0
91715.0,0,12.0
91720.0,0,0.0
91725.0,1,2.0
91730.0,0,2.0
91735.0,2,7.0
91740.0,0,5.0
91745.0,1,4.0
91750.0,2,4.0
91755.0,5,22.0
91760.0,2,23.0
91765.0,1,6.0
91770.0,2,12.0
91775.0,2,22.0
91780.0,0,1.0
91785.0,3,7.0
91790.0,0,4.0
91795.0,1,4.0
91800.0,1,9.0
91805.0,2,3.0
91810.0,6,24.0
91815.0,2,29.0
91820.0,0,5.0
91825.0,3,8.0
91830.0,6,33.0
91835.0,1,32.0
91840.0,0,1.0
91845.0,1,3.0
91850.0,1,8.0
91855.0,1,1.0
91860.0,6,20.0
91865.0,3,34.0
91870.0,0,12.0
91875.0,1,5.0
91880.0,3,19.0
91885.0,1,8.0
91890.0,6,20.0
91895.0,5,41.0
91900.0,1,24.0
91905.0,2,8.0
91910.0,2,18.0
91915.0,1,4.0
91920.0,6,19.0
91925.0,6,39.0
91930.0,0,31.0
91935.0,2,16.0
91940.0,3,19.0
91945.0,2,7.0
91950.0,5,19.0
91955.0,1,22.0
91960.0,2,8.0
91965.0,3,21.0
91970.0,2,11.0
91975.0,8,32.0
91980.0,8,60.0
91985.0,3,48.0
91990.0,3,33.0
91995.0,2,18.0
92000.0,7,37.0
92005.0,6,56.0
92010.0,1,32.0
92015.0,1,11.0
92020.0,1,12.0
92025.0,3,4.0
92030.0,5,23.0
92035.0,1,23.0
92040.0,1,7.0
92045.0,2,11.0
92050.0,3,26.0
92055.0,0,10.0
92060.0,6,15.0
92065.0,2,26.0
92070.0,3,15.0
92075.0,5,31.0
92080.0,2,25.0
92085.0,8,28.0
92090.0,8,52.0
92095.0,3,57.0
92100.0,1,38.0
92105.0,4,30.0
92110.0,2,18.0
92115.0,7,31.0
92120.0,5,52.0
92125.0,0,26.0
92130.0,1,3.0
92135.0,0,0.0
92140.0,5,15.0
92145.0,1,22.0
92150.0,2,10.0
92155.0,2,15.0
92160.0,3,30.0
92165.0,1,9.0
92170.0,4,16.0
92175.0,2,21.0
92180.0,1,8.0
92185.0,2,11.0
92190.0,0,3.0
92195.0,6,23.0
92200.0,3,37.0
92205.0,0,12.0
92210.0,0,0.0
92215.0,1,5.0
92220.0,1,2.0
92225.0,3,10.0
92230.0,0,9.0
92235.0,0,0.0
92240.0,1,2.0
92245.0,1,1.0
92250.0,4,11.0
92255.0,1,17.0
92260.0,1,6.0
92265.0,4,14.0
92270.0,1,12.0
92275.0,7,25.0
92280.0,8,51.0
92285.0,4,52.0
92290.0,1,48.0
92295.0,8,55.0
92300.0,8,74.0
92305.0,4,62.0
92310.0,5,49.0
92315.0,7,65.0
92320.0,5,63.0
92325.0,6,28.0
92330.0,8,50.0
92335.0,4,46.0
92340.0,4,46.0
92345.0,2,33.0
92350.0,6,30.0
92355.0,8,55.0
92360.0,5,62.0
92365.0,6,61.0
92370.0,3,54.0
92375.0,8,41.0
92380.0,12,94.0
92385.0,8,117.0
92390.0,5,103.0
92395.0,1,91.0
92400.0,8,115.0
92405.0,8,123.0
92410.0,2,67.0
92415.0,2,28.0
92420.0,2,18.0
92425.0,2,4.0
92430.0,8,30.0
92435.0,7,56.0
92440.0,2,40.0
92445.0,3,30.0
92450.0,3,13.0
92455.0,6,30.0
92460.0,11,75.0
92465.0,12,134.0
92470.0,9,149.0
92475.0,3,110.0
92480.0,2,37.0
92485.0,4,28.0
92490.0,1,15.0
92495.0,6,24.0
92500.0,3,37.0
92505.0,2,19.0
92510.0,3,20.0
92515.0,0,7.0
92520.0,3,12.0
92525.0,0,6.0
92530.0,0,0.0
92535.0,1,4.0
92540.0,0,0.0
92545.0,5,16.0
92550.0,2,23.0
92555.0,2,10.0
92560.0,4,24.0
92565.0,1,12.0
92570.0,4,15.0
92575.0,0,13.0
92580.0,3,12.0
92585.0,5,34.0
92590.0,1,25.0
92595.0,3,12.0
92600.0,1,7.0
92605.0,1,7.0
92610.0,1,12.0
92615.0,2,22.0
92620.0,0,0.0
92625.0,2,6.0
92630.0,0,4.0
92635.0,1,3.0
92640.0,2,5.0
92645.0,4,22.0
92650.0,0,18.0
92655.0,1,5.0
92660.0,4,20.0
92665.0,1,12.0
92670.0,5,17.0
92675.0,4,32.0
92680.0,0,17.0
92685.0,0,0.0
92690.0,1,5.0
92695.0,2,11.0
92700.0,0,0.0
92705.0,4,12.0
92710.0,1,14.0
92715.0,2,7.0
92720.0,3,21.0
92725.0,2,10.0
92730.0,5,20.0
92735.0,1,22.0
92740.0,1,3.0
92745.0,1,7.0
92750.0,2,15.0
92755.0,0,3.0
92760.0,4,11.0
92765.0,0,13.0
92770.0,1,1.0
92775.0,0,0.0
92780.0,2,4.0
92785.0,4,23.0
92790.0,6,52.0
92795.0,10,94.0
92800.0,10,112.0
92805.0,2,77.0
92810.0,2,37.0
92815.0,3,27.0
92820.0,2,9.0
92825.0,6,21.0
92830.0,3,32.0
92835.0,0,16.0
92840.0,0,5.0
92845.0,0,0.0
92850.0,0,0.0
92855.0,5,16.0
92860.0,2,28.0
92865.0,1,11.0
92870.0,3,14.0
92875.0,3,10.0
92880.0,7,32.0
92885.0,5,43.0
92890.0,3,25.0
92895.0,2,25.0
92900.0,8,44.0
92905.0,4,56.0
92910.0,0,11.0
92915.0,3,8.0
92920.0,1,11.0
92925.0,4,16.0
92930.0,4,27.0
92935.0,0,16.0
92940.0,2,12.0
92945.0,1,8.0
92950.0,6,29.0
92955.0,3,36.0
92960.0,1,15.0
92965.0,3,14.0
92970.0,2,9.0
92975.0,7,29.0
92980.0,4,42.0
92985.0,0,16.0
92990.0,1,3.0
92995.0,2,9.0
93000.0,0,0.0
93005.0,4,8.0
93010.0,3,20.0
93015.0,1,9.0
93020.0,2,9.0
93025.0,2,18.0
93030.0,0,3.0
93035.0,3,9.0
93040.0,0,11.0
93045.0,0,0.0
93050.0,0,0.0
93055.0,0,0.0
93060.0,3,7.0
93065.0,10,45.0
93070.0,15,109.0
93075.0,19,193.0
93080.0,23,302.0
93085.0,25,421.0
93090.0,26,551.0
93095.0,22,605.0
93100.0,13,520.0
93105.0,7,407.0
93110.0,4,433.0
93115.0,8,460.0
93120.0,9,430.0
93125.0,6,321.0
93130.0,4,309.0
93135.0,8,349.0
93140.0,9,319.0
93145.0,5,211.0
93150.0,4,104.0
93155.0,5,74.0
93160.0,2,59.0
93165.0,7,82.0
93170.0,7,93.0
93175.0,2,74.0
93180.0,0,33.0
93185.0,2,37.0
93190.0,8,60.0
93195.0,8,77.0
93200.0,7,66.0
93205.0,5,64.0
93210.0,5,67.0
93215.0,2,52.0
93220.0,7,38.0
93225.0,6,52.0
93230.0,2,37.0
93235.0,2,21.0
93240.0,2,28.0
93245.0,1,2.0
93250.0,2,10.0
93255.0,0,7.0
93260.0,1,3.0
93265.0,2,4.0
93270.0,4,21.0
93275.0,0,15.0
93280.0,2,4.0
93285.0,2,14.0
93290.0,4,28.0
93295.0,2,13.0
93300.0,4,20.0
93305.0,0,17.0
93310.0,3,6.0
93315.0,0,7.0
93320.0,3,11.0
93325.0,1,15.0
93330.0,0,1.0
93335.0,0,0.0
93340.0,1,3.0
93345.0,3,15.0
93350.0,2,16.0
93355.0,5,21.0
93360.0,0,21.0
93365.0,3,14.0
93370.0,1,16.0
93375.0,1,5.0
93380.0,2,12.0
93385.0,2,22.0
93390.0,0,3.0
93395.0,3,10.0
93400.0,2,13.0
93405.0,3,12.0
93410.0,1,8.0
93415.0,6,24.0
93420.0,3,32.0
93425.0,1,8.0
93430.0,1,11.0
93435.0,1,2.0
93440.0,1,7.0
93445.0,0,1.0
93450.0,1,5.0
93455.0,1,10.0
93460.0,1,15.0
93465.0,1,1.0
93470.0,3,10.0
93475.0,1,11.0
93480.0,2,6.0
93485.0,2,15.0
93490.0,1,6.0
93495.0,6,23.0
93500.0,3,31.0
93505.0,0,13.0
93510.0,1,4.0
93515.0,1,9.0
93520.0,0,0.0
93525.0,4,9.0
93530.0,1,14.0
93535.0,0,1.0
93540.0,0,0.0
93545.0,1,1.0
93550.0,4,12.0
93555.0,2,19.0
93560.0,1,8.0
93565.0,3,8.0
93570.0,5,28.0
93575.0,2,29.0
93580.0,3,12.0
93585.0,4,24.0
93590.0,9,48.0
93595.0,6,62.0
93600.0,3,41.0
93605.0,4,32.0
93610.0,2,24.0
93615.0,6,21.0
93620.0,7,47.0
93625.0,2,40.0
93630.0,1,21.0
93635.0,5,27.0
93640.0,2,22.0
93645.0,5,22.0
93650.0,4,34.0
93655.0,2,22.0
93660.0,3,22.0
93665.0,2,15.0
93670.0,7,25.0
93675.0,7,49.0
93680.0,1,35.0
93685.0,2,20.0
93690.0,3,22.0
93695.0,0,5.0
93700.0,5,16.0
93705.0,5,34.0
93710.0,0,18.0
93715.0,2,4.0
93720.0,1,1.0
93725.0,5,18.0
93730.0,7,50.0
93735.0,13,100.0
93740.0,15,171.0
93745.0,19,261.0
93750.0,17,298.0
93755.0,11,264.0
93760.0,7,194.0
93765.0,2,147.0
93770.0,2,103.0
93775.0,7,130.0
93780.0,6,126.0
93785.0,4,85.0
93790.0,3,98.0
93795.0,9,130.0
93800.0,9,137.0
93805.0,9,112.0
93810.0,9,98.0
93815.0,6,92.0
93820.0,2,79.0
93825.0,8,72.0
93830.0,8,88.0
93835.0,4,74.0
93840.0,1,37.0
93845.0,2,23.0
93850.0,2,4.0
93855.0,7,25.0
93860.0,7,45.0
93865.0,5,51.0
93870.0,2,41.0
93875.0,3,34.0
93880.0,2,15.0
93885.0,6,33.0
93890.0,6,49.0
93895.0,1,28.0
93900.0,3,13.0
93905.0,1,6.0
93910.0,7,27.0
93915.0,4,41.0
93920.0,1,20.0
93925.0,2,12.0
93930.0,3,23.0
93935.0,1,6.0
93940.0,7,27.0
93945.0,4,42.0
93950.0,1,23.0
93955.0,1,10.0
93960.0,1,15.0
93965.0,0,0.0
93970.0,3,9.0
93975.0,1,8.0
93980.0,2,8.0
93985.0,2,18.0
93990.0,1,1.0
93995.0,5,19.0
94000.0,2,24.0
94005.0,0,3.0
94010.0,1,1.0
94015.0,1,1.0
94020.0,5,18.0
94025.0,4,33.0
94030.0,2,22.0
94035.0,2,22.0
94040.0,4,38.0
94045.0,1,14.0
94050.0,2,7.0
94055.0,1,6.0
94060.0,3,14.0
94065.0,1,9.0
94070.0,3,17.0
94075.0,2,15.0
94080.0,1,2.0
94085.0,2,7.0
94090.0,0,0.0
94095.0,3,9.0
94100.0,1,14.0
94105.0,3,13.0
94110.0,2,11.0
94115.0,7,29.0
94120.0,4,44.0
94125.0,0,18.0
94130.0,2,5.0
94135.0,2,15.0
94140.0,0,2.0
94145.0,1,5.0
94150.0,4,18.0
94155.0,0,9.0
94160.0,3,10.0
94165.0,1,10.0
94170.0,5,22.0
94175.0,2,27.0
94180.0,0,5.0
94185.0,1,3.0
94190.0,2,3.0
94195.0,5,17.0
94200.0,4,24.0
94205.0,0,7.0
94210.0,1,5.0
94215.0,6,26.0
94220.0,6,45.0
94225.0,0,30.0
94230.0,1,11.0
94235.0,1,8.0
94240.0,1,1.0
94245.0,3,11.0
94250.0,1,11.0
94255.0,1,7.0
94260.0,2,15.0
94265.0,1,1.0
94270.0,3,12.0
94275.0,0,9.0
94280.0,2,3.0
94285.0,2,13.0
94290.0,1,1.0
94295.0,4,12.0
94300.0,1,13.0
94305.0,0,1.0
94310.0,0,0.0
94315.0,2,3.0
94320.0,6,22.0
94325.0,2,29.0
94330.0,2,13.0
94335.0,3,23.0
94340.0,1,11.0
94345.0,4,15.0
94350.0,1,16.0
94355.0,2,11.0
94360.0,3,25.0
94365.0,0,14.0
94370.0,4,11.0
94375.0,0,13.0
94380.0,1,4.0
94385.0,1,9.0
94390.0,4,23.0
94395.0,5,46.0
94400.0,1,30.0
94405.0,3,11.0
94410.0,1,7.0
94415.0,4,17.0
94420.0,0,14.0
94425.0,4,10.0
94430.0,3,20.0
94435.0,3,19.0
94440.0,5,37.0
94445.0,1,24.0
94450.0,7,27.0
94455.0,6,52.0
94460.0,1,37.0
94465.0,2,17.0
94470.0,2,19.0
94475.0,2,5.0
94480.0,6,26.0
94485.0,5,45.0
94490.0,1,29.0
94495.0,2,13.0
94500.0,3,24.0
94505.0,2,14.0
94510.0,7,26.0
94515.0,8,54.0
94520.0,7,60.0
94525.0,5,67.0
94530.0,7,74.0
94535.0,10,97.0
94540.0,5,84.0
94545.0,2,48.0
94550.0,4,48.0
94555.0,2,20.0
94560.0,6,26.0
94565.0,6,46.0
94570.0,1,31.0
94575.0,1,11.0
94580.0,2,8.0
94585.0,9,36.0
94590.0,5,53.0
94595.0,2,36.0
94600.0,3,23.0
94605.0,1,10.0
94610.0,7,27.0
94615.0,5,46.0
94620.0,2,34.0
94625.0,3,22.0
94630.0,2,9.0
94635.0,7,32.0
94640.0,8,58.0
94645.0,4,56.0
94650.0,2,35.0
94655.0,3,30.0
94660.0,2,13.0
94665.0,7,26.0
94670.0,6,46.0
94675.0,3,40.0
94680.0,3,28.0
94685.0,2,23.0
94690.0,6,40.0
94695.0,4,44.0
94700.0,1,17.0
94705.0,2,9.0
94710.0,4,27.0
94715.0,5,51.0
94720.0,1,33.0
94725.0,5,16.0
94730.0,1,19.0
94735.0,1,3.0
94740.0,2,8.0
94745.0,1,6.0
94750.0,6,23.0
94755.0,6,47.0
94760.0,0,35.0
94765.0,3,17.0
94770.0,2,14.0
94775.0,8,39.0
94780.0,8,63.0
94785.0,1,48.0
94790.0,2,21.0
94795.0,3,26.0
94800.0,1,5.0
94805.0,6,20.0
94810.0,12,68.0
94815.0,11,105.0
94820.0,6,104.0
94825.0,2,66.0
94830.0,4,51.0
94835.0,2,40.0
94840.0,6,43.0
94845.0,8,63.0
94850.0,3,56.0
94855.0,3,44.0
94860.0,1,20.0
94865.0,6,35.0
94870.0,6,52.0
94875.0,1,31.0
94880.0,3,17.0
94885.0,1,9.0
94890.0,7,26.0
94895.0,9,56.0
94900.0,2,52.0
94905.0,2,32.0
94910.0,3,34.0
94915.0,1,10.0
94920.0,7,23.0
94925.0,3,39.0
94930.0,1,20.0
94935.0,2,11.0
94940.0,3,24.0
94945.0,1,9.0
94950.0,3,9.0
94955.0,7,36.0
94960.0,7,52.0
94965.0,3,46.0
94970.0,2,34.0
94975.0,3,33.0
94980.0,1,14.0
94985.0,6,21.0
94990.0,6,41.0
94995.0,1,32.0
95000.0,2,18.0
95005.0,2,19.0
95010.0,1,2.0
95015.0,4,15.0
95020.0,1,19.0
95025.0,0,0.0
95030.0,3,8.0
95035.0,1,9.0
95040.0,4,17.0
95045.0,0,15.0
95050.0,1,3.0
95055.0,2,9.0
95060.0,2,3.0
95065.0,5,19.0
95070.0,9,55.0
95075.0,7,70.0
95080.0,2,46.0
95085.0,5,34.0
95090.0,2,28.0
95095.0,7,31.0
95100.0,7,54.0
95105.0,2,43.0
95110.0,2,31.0
95115.0,3,32.0
95120.0,2,9.0
95125.0,5,21.0
95130.0,3,34.0
95135.0,1,19.0
95140.0,2,11.0
95145.0,5,31.0
95150.0,1,24.0
95155.0,4,15.0
95160.0,3,24.0
95165.0,2,16.0
95170.0,2,23.0
95175.0,2,3.0
95180.0,7,27.0
95185.0,1,33.0
95190.0,0,6.0
95195.0,2,9.0
95200.0,0,1.0
95205.0,3,11.0
95210.0,6,38.0
95215.0,7,72.0
95220.0,8,109.0
95225.0,5,106.0
95230.0,0,40.0
95235.0,0,0.0
95240.0,0,0.0
95245.0,1,2.0
95250.0,4,21.0
95255.0,0,16.0
95260.0,0,0.0
95265.0,3,6.0
95270.0,4,23.0
95275.0,0,18.0
95280.0,2,7.0
95285.0,2,17.0
95290.0,1,2.0
95295.0,2,9.0
95300.0,5,30.0
95305.0,1,30.0
95310.0,2,11.0
95315.0,2,10.0
95320.0,4,28.0
95325.0,2,23.0
95330.0,1,8.0
95335.0,2,16.0
95340.0,2,26.0
95345.0,1,2.0
95350.0,4,16.0
95355.0,5,29.0
95360.0,0,20.0
95365.0,2,10.0
95370.0,2,16.0
95375.0,1,2.0
95380.0,3,14.0
95385.0,1,8.0
95390.0,1,7.0
95395.0,1,12.0
95400.0,0,2.0
95405.0,3,8.0
95410.0,3,13.0
95415.0,2,14.0
95420.0,3,26.0
95425.0,0,6.0
95430.0,3,10.0
95435.0,2,16.0
95440.0,0,2.0
95445.0,0,0.0
95450.0,0,0.0
95455.0,0,0.0
95460.0,5,15.0
95465.0,8,51.0
95470.0,5,65.0
95475.0,0,32.0
95480.0,1,5.0
95485.0,0,0.0
95490.0,3,12.0
95495.0,0,11.0
95500.0,1,4.0
95505.0,0,0.0
95510.0,2,5.0
95515.0,4,21.0
95520.0,0,14.0
95525.0,0,0.0
95530.0,0,0.0
95535.0,1,4.0
95540.0,0,0.0
95545.0,2,5.0
95550.0,1,1.0
95555.0,1,6.0
95560.0,0,0.0
95565.0,2,7.0
95570.0,0,3.0
95575.0,4,13.0
95580.0,2,16.0
95585.0,2,10.0
95590.0,3,19.0
95595.0,2,13.0
95600.0,6,28.0
95605.0,4,41.0
95610.0,1,17.0
95615.0,2,16.0
95620.0,3,31.0
95625.0,2,11.0
95630.0,4,22.0
95635.0,1,25.0
95640.0,1,6.0
95645.0,2,10.0
95650.0,2,20.0
95655.0,0,3.0
95660.0,3,10.0
95665.0,0,8.0
95670.0,2,7.0
95675.0,2,17.0
95680.0,2,27.0
95685.0,2,2.0
95690.0,5,19.0
95695.0,0,18.0
95700.0,3,10.0
95705.0,3,14.0
95710.0,8,35.0
95715.0,7,59.0
95720.0,2,47.0
95725.0,2,23.0
95730.0,2,24.0
95735.0,1,7.0
95740.0,7,25.0
95745.0,9,52.0
95750.0,1,46.0
95755.0,2,23.0
95760.0,2,23.0
95765.0,1,2.0
95770.0,3,13.0
95775.0,0,9.0
95780.0,1,3.0
95785.0,3,14.0
95790.0,1,7.0
95795.0,3,13.0
95800.0,1,12.0
95805.0,1,6.0
95810.0,1,11.0
95815.0,1,16.0
95820.0,0,0.0
95825.0,4,10.0
95830.0,2,19.0
95835.0,0,5.0
95840.0,2,3.0
95845.0,0,0.0
95850.0,1,2.0
95855.0,0,0.0
95860.0,0,0.0
95865.0,1,3.0
95870.0,3,11.0
95875.0,0,13.0
95880.0,1,2.0
95885.0,1,7.0
95890.0,1,2.0
95895.0,3,11.0
95900.0,1,12.0
95905.0,1,5.0
95910.0,2,13.0
95915.0,2,23.0
95920.0,1,3.0
95925.0,3,10.0
95930.0,1,14.0
95935.0,1,6.0
95940.0,3,13.0
95945.0,3,28.0
95950.0,1,13.0
95955.0,6,19.0
95960.0,4,32.0
95965.0,1,16.0
95970.0,2,10.0
95975.0,3,23.0
95980.0,1,7.0
95985.0,6,22.0
95990.0,4,35.0
95995.0,0,14.0
96000.0,3,11.0
96005.0,2,11.0
96010.0,8,33.0
96015.0,8,61.0
96020.0,7,72.0
96025.0,5,66.0
96030.0,1,57.0
96035.0,6,56.0
96040.0,8,76.0
96045.0,4,64.0
96050.0,3,56.0
96055.0,1,35.0
96060.0,6,51.0
96065.0,7,69.0
96070.0,3,57.0
96075.0,3,33.0
96080.0,3,25.0
96085.0,1,18.0
96090.0,7,28.0
96095.0,8,49.0
96100.0,5,52.0
96105.0,2,40.0
96110.0,4,44.0
96115.0,1,23.0
96120.0,7,32.0
96125.0,5,52.0
96130.0,3,34.0
96135.0,4,24.0
96140.0,1,16.0
96145.0,6,22.0
96150.0,2,28.0
96155.0,1,5.0
96160.0,2,8.0
96165.0,2,2.0
96170.0,4,18.0
96175.0,1,19.0
96180.0,0,3.0
96185.0,2,6.0
96190.0,3,12.0
96195.0,5,27.0
96200.0,2,29.0
96205.0,1,8.0
96210.0,1,11.0
96215.0,2,4.0
96220.0,5,23.0
96225.0,5,37.0
96230.0,1,18.0
96235.0,2,13.0
96240.0,3,23.0
96245.0,1,5.0
96250.0,6,21.0
96255.0,6,42.0
96260.0,2,31.0
96265.0,3,26.0
96270.0,2,12.0
96275.0,8,35.0
96280.0,3,46.0
96285.0,0,18.0
96290.0,1,1.0
96295.0,3,5.0
96300.0,4,24.0
96305.0,2,27.0
96310.0,0,6.0
96315.0,4,11.0
96320.0,1,11.0
96325.0,5,16.0
96330.0,1,17.0
96335.0,1,2.0
96340.0,2,9.0
96345.0,0,3.0
96350.0,4,10.0
96355.0,3,19.0
96360.0,0,7.0
96365.0,1,2.0
96370.0,3,16.0
96375.0,1,8.0
96380.0,2,10.0
96385.0,0,3.0
96390.0,0,0.0
96395.0,0,0.0
96400.0,1,2.0
96405.0,2,2.0
96410.0,5,21.0
96415.0,0,23.0
96420.0,1,1.0
96425.0,2,5.0
96430.0,5,23.0
96435.0,4,32.0
96440.0,1,14.0
96445.0,1,9.0
96450.0,2,5.0
96455.0,8,29.0
96460.0,6,47.0
96465.0,2,35.0
96470.0,2,20.0
96475.0,3,34.0
96480.0,0,8.0
96485.0,6,17.0
96490.0,5,38.0
96495.0,2,33.0
96500.0,2,24.0
96505.0,3,34.0
96510.0,1,9.0
96515.0,4,17.0
96520.0,1,18.0
96525.0,0,0.0
96530.0,0,0.0
96535.0,1,2.0
96540.0,0,0.0
96545.0,4,10.0
96550.0,1,14.0
96555.0,0,2.0
96560.0,1,4.0
96565.0,2,5.0
96570.0,8,31.0
96575.0,4,48.0
96580.0,0,24.0
96585.0,0,0.0
96590.0,3,7.0
96595.0,7,36.0
96600.0,3,47.0
96605.0,0,10.0
96610.0,0,0.0
96615.0,1,5.0
96620.0,1,1.0
96625.0,3,12.0
96630.0,0,12.0
96635.0,2,6.0
96640.0,3,21.0
96645.0,1,9.0
96650.0,5,19.0
96655.0,1,26.0
96660.0,1,7.0
96665.0,2,3.0
96670.0,4,21.0
96675.0,2,24.0
96680.0,1,8.0
96685.0,1,9.0
96690.0,2,5.0
96695.0,4,24.0
96700.0,1,25.0
96705.0,2,12.0
96710.0,5,27.0
96715.0,3,23.0
96720.0,3,19.0
96725.0,0,15.0
96730.0,1,3.0
96735.0,2,9.0
96740.0,2,19.0
96745.0,0,0.0
96750.0,5,14.0
96755.0,5,29.0
96760.0,1,18.0
96765.0,3,16.0
96770.0,2,11.0
96775.0,6,25.0
96780.0,1,31.0
96785.0,0,5.0
96790.0,1,5.0
96795.0,2,2.0
96800.0,4,16.0
96805.0,1,15.0
96810.0,2,9.0
96815.0,2,18.0
96820.0,1,5.0
96825.0,3,10.0
96830.0,1,14.0
96835.0,0,0.0
96840.0,0,0.0
96845.0,0,0.0
96850.0,1,1.0
96855.0,4,17.0
96860.0,4,29.0
96865.0,0,12.0
96870.0,1,5.0
96875.0,2,6.0
96880.0,6,29.0
96885.0,3,42.0
96890.0,1,15.0
96895.0,2,7.0
96900.0,1,2.0
96905.0,6,20.0
96910.0,2,29.0
96915.0,0,6.0
96920.0,2,3.0
96925.0,3,17.0
96930.0,0,7.0
96935.0,2,9.0
96940.0,0,3.0
96945.0,0,0.0
96950.0,1,2.0
96955.0,0,2.0
96960.0,3,9.0
96965.0,1,14.0
96970.0,2,5.0
96975.0,3,18.0
96980.0,1,11.0
96985.0,4,15.0
96990.0,1,17.0
96995.0,1,6.0
97000.0,2,15.0
97005.0,1,1.0
97010.0,5,18.0
97015.0,1,22.0
97020.0,2,7.0
97025.0,2,8.0
97030.0,6,30.0
97035.0,3,33.0
97040.0,2,15.0
97045.0,3,23.0
97050.0,4,39.0
97055.0,0,18.0
97060.0,3,7.0
97065.0,3,19.0
97070.0,4,24.0
97075.0,3,18.0
97080.0,6,28.0
97085.0,3,36.0
97090.0,2,21.0
97095.0,3,23.0
97100.0,3,38.0
97105.0,0,13.0
97110.0,6,19.0
97115.0,2,27.0
97120.0,1,6.0
97125.0,1,7.0
97130.0,4,21.0
97135.0,0,10.0
97140.0,2,4.0
97145.0,0,8.0
97150.0,4,11.0
97155.0,4,31.0
97160.0,0,18.0
97165.0,3,9.0
97170.0,0,8.0
97175.0,1,1.0
97180.0,1,6.0
97185.0,1,11.0
97190.0,1,2.0
97195.0,3,15.0
97200.0,1,17.0
97205.0,2,6.0
97210.0,4,21.0
97215.0,3,17.0
97220.0,7,32.0
97225.0,4,44.0
97230.0,3,21.0
97235.0,2,9.0
97240.0,6,24.0
97245.0,5,42.0
97250.0,0,26.0
97255.0,4,15.0
97260.0,5,36.0
97265.0,2,32.0
97270.0,6,28.0
97275.0,7,54.0
97280.0,1,40.0
97285.0,1,17.0
97290.0,2,8.0
97295.0,3,7.0
97300.0,7,37.0
97305.0,4,50.0
97310.0,0,22.0
97315.0,1,17.0
97320.0,9,45.0
97325.0,8,67.0
97330.0,5,64.0
97335.0,2,52.0
97340.0,6,70.0
97345.0,6,77.0
97350.0,1,47.0
97355.0,2,17.0
97360.0,4,25.0
97365.0,1,15.0
97370.0,6,21.0
97375.0,7,41.0
97380.0,3,38.0
97385.0,3,40.0
97390.0,9,62.0
97395.0,8,82.0
97400.0,4,68.0
97405.0,0,41.0
97410.0,2,25.0
97415.0,2,20.0
97420.0,8,42.0
97425.0,6,57.0
97430.0,3,43.0
97435.0,3,24.0
97440.0,1,23.0
97445.0,6,34.0
97450.0,9,58.0
97455.0,5,54.0
97460.0,3,45.0
97465.0,1,30.0
97470.0,9,53.0
97475.0,8,74.0
97480.0,5,61.0
97485.0,2,45.0
97490.0,2,37.0
97495.0,2,7.0
97500.0,6,30.0
97505.0,5,41.0
97510.0,1,24.0
97515.0,1,11.0
97520.0,1,12.0
97525.0,1,17.0
97530.0,1,2.0
97535.0,4,17.0
97540.0,1,22.0
97545.0,1,4.0
97550.0,1,7.0
97555.0,1,12.0
97560.0,0,0.0
97565.0,6,17.0
97570.0,2,26.0
97575.0,2,13.0
97580.0,3,15.0
97585.0,7,37.0
97590.0,7,56.0
97595.0,3,38.0
97600.0,4,36.0
97605.0,5,57.0
97610.0,1,36.0
97615.0,2,10.0
97620.0,1,13.0
97625.0,1,9.0
97630.0,2,4.0
97635.0,6,22.0
97640.0,3,34.0
97645.0,1,18.0
97650.0,2,13.0
97655.0,3,27.0
97660.0,0,7.0
97665.0,6,19.0
97670.0,4,39.0
97675.0,0,24.0
97680.0,0,2.0
97685.0,3,9.0
97690.0,1,7.0
97695.0,6,22.0
97700.0,4,38.0
97705.0,2,25.0
97710.0,3,18.0
97715.0,1,7.0
97720.0,7,23.0
97725.0,4,38.0
97730.0,1,18.0
97735.0,3,16.0
97740.0,2,10.0
97745.0,8,27.0
97750.0,7,49.0
97755.0,1,37.0
97760.0,4,26.0
97765.0,0,16.0
97770.0,7,26.0
97775.0,6,49.0
97780.0,1,37.0
97785.0,2,15.0
97790.0,1,7.0
97795.0,6,28.0
97800.0,5,42.0
97805.0,1,25.0
97810.0,4,15.0
97815.0,2,15.0
97820.0,7,33.0
97825.0,8,55.0
97830.0,4,52.0
97835.0,3,41.0
97840.0,8,54.0
97845.0,9,72.0
97850.0,5,63.0
97855.0,2,43.0
97860.0,3,37.0
97865.0,2,12.0
97870.0,6,28.0
97875.0,5,44.0
97880.0,2,39.0
97885.0,3,25.0
97890.0,2,17.0
97895.0,6,38.0
97900.0,8,60.0
97905.0,5,49.0
97910.0,3,39.0
97915.0,2,33.0
97920.0,7,52.0
97925.0,9,71.0
97930.0,8,71.0
97935.0,4,75.0
97940.0,1,60.0
97945.0,7,65.0
97950.0,13,119.0
97955.0,14,160.0
97960.0,10,152.0
97965.0,5,107.0
97970.0,4,83.0
97975.0,0,63.0
97980.0,6,70.0
97985.0,6,75.0
97990.0,2,39.0
97995.0,2,25.0
98000.0,2,25.0
98005.0,2,5.0
98010.0,6,25.0
98015.0,8,46.0
98020.0,2,46.0
98025.0,2,35.0
98030.0,2,28.0
98035.0,2,6.0
98040.0,6,28.0
98045.0,6,47.0
98050.0,2,33.0
98055.0,1,28.0
98060.0,6,50.0
98065.0,7,64.0
98070.0,2,45.0
98075.0,2,23.0
98080.0,3,30.0
98085.0,4,50.0
98090.0,1,24.0
98095.0,4,16.0
98100.0,0,15.0
98105.0,0,0.0
98110.0,1,1.0
98115.0,6,20.0
98120.0,3,32.0
98125.0,0,14.0
98130.0,1,2.0
98135.0,1,6.0
98140.0,0,0.0
98145.0,6,17.0
98150.0,4,37.0
98155.0,0,18.0
98160.0,1,1.0
98165.0,1,2.0
98170.0,4,16.0
98175.0,2,20.0
98180.0,1,10.0
98185.0,3,19.0
98190.0,2,12.0
98195.0,6,26.0
98200.0,5,47.0
98205.0,1,36.0
98210.0,2,20.0
98215.0,3,27.0
98220.0,1,8.0
98225.0,6,22.0
98230.0,5,44.0
98235.0,0,26.0
98240.0,0,2.0
98245.0,1,4.0
98250.0,1,1.0
98255.0,6,20.0
98260.0,5,35.0
98265.0,1,19.0
98270.0,1,10.0
98275.0,7,34.0
98280.0,14,87.0
98285.0,12,126.0
98290.0,4,110.0
98295.0,2,94.0
98300.0,7,116.0
98305.0,6,120.0
98310.0,5,89.0
98315.0,1,36.0
98320.0,1,26.0
98325.0,1,9.0
98330.0,6,29.0
98335.0,7,49.0
98340.0,3,42.0
98345.0,2,33.0
98350.0,2,29.0
98355.0,2,12.0
98360.0,7,33.0
98365.0,7,54.0
98370.0,4,51.0
98375.0,4,41.0
98380.0,1,37.0
98385.0,7,41.0
98390.0,5,56.0
98395.0,2,29.0
98400.0,2,15.0
98405.0,2,6.0
98410.0,3,19.0
98415.0,0,9.0
98420.0,2,7.0
98425.0,1,1.0
98430.0,3,13.0
98435.0,0,14.0
98440.0,2,5.0
98445.0,5,24.0
98450.0,0,20.0
98455.0,0,0.0
98460.0,1,5.0
98465.0,3,17.0
98470.0,1,10.0
98475.0,3,12.0
98480.0,1,14.0
98485.0,2,4.0
98490.0,3,17.0
98495.0,1,14.0
98500.0,5,18.0
98505.0,0,19.0
98510.0,0,0.0
98515.0,1,2.0
98520.0,0,0.0
98525.0,3,10.0
98530.0,0,14.0
98535.0,0,0.0
98540.0,2,4.0
98545.0,2,14.0
98550.0,5,35.0
98555.0,0,22.0
98560.0,3,13.0
98565.0,1,19.0
98570.0,2,8.0
98575.0,1,8.0
98580.0,4,14.0
98585.0,0,10.0
98590.0,1,3.0
98595.0,2,12.0
98600.0,1,4.0
98605.0,3,12.0
98610.0,5,35.0
98615.0,1,32.0
98620.0,2,8.0
98625.0,2,15.0
98630.0,2,11.0
98635.0,5,27.0
98640.0,2,30.0
98645.0,1,9.0
98650.0,2,10.0
98655.0,0,0.0
98660.0,1,1.0
98665.0,0,4.0
98670.0,1,1.0
98675.0,1,6.0
98680.0,1,1.0
98685.0,2,7.0
98690.0,0,6.0
98695.0,2,7.0
98700.0,0,2.0
98705.0,2,7.0
98710.0,2,13.0
98715.0,1,5.0
98720.0,3,12.0
98725.0,2,8.0
98730.0,8,30.0
98735.0,7,56.0
98740.0,5,62.0
98745.0,2,49.0
98750.0,4,48.0
98755.0,1,33.0
98760.0,7,38.0
98765.0,12,88.0
98770.0,13,128.0
98775.0,9,125.0
98780.0,6,103.0
98785.0,2,81.0
98790.0,2,70.0
98795.0,6,88.0
98800.0,6,94.0
98805.0,3,68.0
98810.0,2,31.0
98815.0,2,27.0
98820.0,1,6.0
98825.0,7,30.0
98830.0,7,51.0
98835.0,3,40.0
98840.0,1,21.0
98845.0,2,15.0
98850.0,2,9.0
98855.0,8,36.0
98860.0,9,60.0
98865.0,5,63.0
98870.0,4,52.0
98875.0,5,53.0
98880.0,2,34.0
98885.0,6,33.0
98890.0,7,53.0
98895.0,3,49.0
98900.0,2,29.0
98905.0,2,21.0
98910.0,2,7.0
98915.0,7,28.0
98920.0,7,55.0
98925.0,2,47.0
98930.0,2,21.0
98935.0,2,19.0
98940.0,1,1.0
98945.0,5,17.0
98950.0,3,30.0
98955.0,2,20.0
98960.0,2,18.0
98965.0,3,5.0
98970.0,5,28.0
98975.0,2,35.0
98980.0,3,21.0
98985.0,3,14.0
98990.0,7,33.0
98995.0,2,39.0
99000.0,0,13.0
99005.0,3,7.0
99010.0,3,22.0
99015.0,2,16.0
99020.0,6,24.0
99025.0,2,35.0
99030.0,2,18.0
99035.0,4,30.0
99040.0,0,13.0
99045.0,3,7.0
99050.0,1,11.0
99055.0,1,6.0
99060.0,2,14.0
99065.0,2,3.0
99070.0,4,16.0
99075.0,1,16.0
99080.0,3,10.0
99085.0,4,16.0
99090.0,8,37.0
99095.0,5,53.0
99100.0,0,29.0
99105.0,1,3.0
99110.0,3,7.0
99115.0,8,34.0
99120.0,7,57.0
99125.0,3,57.0
99130.0,3,61.0
99135.0,9,92.0
99140.0,10,111.0
99145.0,9,102.0
99150.0,7,83.0
99155.0,4,81.0
99160.0,1,53.0
99165.0,6,53.0
99170.0,7,68.0
99175.0,4,53.0
99180.0,2,34.0
99185.0,2,34.0
99190.0,8,57.0
99195.0,8,81.0
99200.0,7,82.0
99205.0,4,68.0
99210.0,2,47.0
99215.0,8,66.0
99220.0,8,91.0
99225.0,4,73.0
99230.0,4,52.0
99235.0,1,35.0
99240.0,4,37.0
99245.0,1,24.0
99250.0,6,31.0
99255.0,6,48.0
99260.0,3,40.0
99265.0,1,21.0
99270.0,2,17.0
99275.0,2,6.0
99280.0,6,29.0
99285.0,7,48.0
99290.0,0,35.0
99295.0,0,10.0
99300.0,0,0.0
99305.0,1,1.0
99310.0,5,18.0
99315.0,1,25.0
99320.0,1,7.0
99325.0,3,16.0
99330.0,5,35.0
99335.0,0,21.0
99340.0,4,8.0
99345.0,1,13.0
99350.0,1,3.0
99355.0,4,17.0
99360.0,1,17.0
99365.0,4,13.0
99370.0,2,17.0
99375.0,3,16.0
99380.0,3,28.0
99385.0,1,14.0
99390.0,5,19.0
99395.0,1,23.0
99400.0,0,6.0
99405.0,2,10.0
99410.0,4,23.0
99415.0,2,17.0
99420.0,5,17.0
99425.0,2,22.0
99430.0,0,6.0
99435.0,0,0.0
99440.0,0,0.0
99445.0,1,4.0
99450.0,1,1.0
99455.0,4,16.0
99460.0,1,20.0
99465.0,0,2.0
99470.0,3,5.0
99475.0,1,7.0
99480.0,5,24.0
99485.0,1,28.0
99490.0,1,7.0
99495.0,3,12.0
99500.0,8,46.0
99505.0,4,56.0
99510.0,2,21.0
99515.0,3,17.0
99520.0,3,13.0
99525.0,9,37.0
99530.0,6,63.0
99535.0,2,40.0
99540.0,2,13.0
99545.0,3,5.0
99550.0,7,32.0
99555.0,7,61.0
99560.0,4,55.0
99565.0,2,34.0
99570.0,4,35.0
99575.0,0,14.0
99580.0,5,17.0
99585.0,3,31.0
99590.0,1,11.0
99595.0,2,12.0
99600.0,3,27.0
99605.0,1,10.0
99610.0,4,18.0
99615.0,0,20.0
99620.0,1,1.0
99625.0,3,12.0
99630.0,2,8.0
99635.0,6,24.0
99640.0,3,33.0
99645.0,3,22.0
99650.0,3,24.0
99655.0,3,13.0
99660.0,8,32.0
99665.0,8,61.0
99670.0,4,60.0
99675.0,3,38.0
99680.0,4,38.0
99685.0,2,26.0
99690.0,7,29.0
99695.0,8,53.0
99700.0,3,53.0
99705.0,2,33.0
99710.0,3,34.0
99715.0,2,10.0
99720.0,3,16.0
99725.0,0,12.0
99730.0,0,0.0
99735.0,2,3.0
99740.0,7,28.0
99745.0,6,46.0
99750.0,0,26.0
99755.0,1,5.0
99760.0,3,13.0
99765.0,1,5.0
99770.0,5,16.0
99775.0,2,24.0
99780.0,0,4.0
99785.0,1,1.0
99790.0,1,3.0
99795.0,3,17.0
99800.0,1,13.0
99805.0,1,8.0
99810.0,1,13.0
99815.0,1,2.0
99820.0,3,15.0
99825.0,0,15.0
99830.0,3,8.0
99835.0,3,11.0
99840.0,7,30.0
99845.0,7,65.0
99850.0,7,100.0
99855.0,10,142.0
99860.0,8,142.0
99865.0,1,74.0
99870.0,1,21.0
99875.0,4,17.0
99880.0,1,16.0
99885.0,6,22.0
99890.0,5,43.0
99895.0,1,26.0
99900.0,2,10.0
99905.0,3,4.0
99910.0,4,21.0
99915.0,2,26.0
99920.0,0,3.0
99925.0,2,5.0
99930.0,0,1.0
99935.0,2,5.0
99940.0,1,7.0
99945.0,3,16.0
99950.0,2,13.0
99955.0,6,29.0
99960.0,4,41.0
99965.0,0,16.0
99970.0,2,7.0
99975.0,2,15.0
99980.0,1,1.0
99985.0,3,14.0
99990.0,0,10.0
99995.0,1,2.0
100000.0,2,12.0
100005.0,0,2.0
